1.002757e-75
2.712171e-75
7.320931e-75
1.972166e-74
5.302106e-74
1.422595e-73
3.809272e-73
1.017960e-72
2.714858e-72
7.225890e-72
1.919391e-71
5.088189e-71
1.346142e-70
3.554236e-70
9.365466e-70
2.462863e-69
6.463666e-69
1.692954e-68
4.425264e-68
1.154412e-67
3.005455e-67
7.808851e-67
2.024845e-66
5.239911e-66
1.353268e-65
3.487957e-65
8.971932e-65
2.303183e-64
5.900631e-64
1.508676e-63
3.849648e-63
9.803327e-63
2.491457e-62
6.319181e-62
1.599542e-61
4.040712e-61
1.018703e-60
2.563094e-60
6.435894e-60
1.612800e-59
4.033477e-59
1.006714e-58
2.507608e-58
6.233622e-58
1.546495e-57
3.828988e-57
9.461208e-57
2.333116e-56
5.741870e-56
1.410254e-55
3.456756e-55
8.456043e-55
2.064394e-54
5.029737e-54
1.222996e-53
2.967779e-53
7.187292e-53
1.737105e-52
4.189997e-52
1.008622e-51
2.423092e-51
5.809497e-51
1.390061e-50
3.319375e-50
7.910528e-50
1.881402e-49
4.465647e-49
1.057825e-48
2.500751e-48
5.900022e-48
1.389196e-47
3.264376e-47
7.655322e-47
1.791651e-46
4.184756e-46
9.754688e-46
2.269255e-45
5.268412e-45
1.220682e-44
2.822619e-44
6.513708e-44
1.500137e-43
3.447941e-43
7.908885e-43
1.810494e-42
4.136237e-42
9.430614e-42
2.145858e-41
4.872908e-41
1.104337e-40
2.497708e-40
5.637775e-40
1.269989e-39
2.855081e-39
6.405650e-39
1.434280e-38
3.205021e-38
7.147496e-38
1.590754e-37
3.533280e-37
7.832118e-37
1.732632e-36
3.825246e-36
8.428268e-36
1.853289e-35
4.066998e-35
8.906982e-35
1.946763e-34
4.246403e-34
9.243898e-34
2.008236e-33
4.354118e-33
9.421310e-33
2.034455e-32
4.384401e-32
9.429707e-32
2.024005e-31
4.335614e-31
9.268620e-31
1.977448e-30
4.210371e-30
8.946663e-30
1.897261e-29
4.015306e-29
8.480771e-29
1.787629e-28
3.760491e-28
7.894725e-28
1.654073e-27
3.458576e-27
7.217141e-27
1.502997e-26
3.123748e-26
6.479164e-26
1.341179e-25
2.770637e-25
5.712121e-25
1.175276e-24
2.413278e-24
4.945379e-24
1.011385e-23
2.064230e-23
4.204597e-23
8.547032e-23
1.733927e-22
3.510516e-22
7.093091e-22
1.430292e-21
2.878314e-21
5.780642e-21
1.158613e-20
2.317528e-20
4.626322e-20
9.216606e-20
1.832442e-19
3.635916e-19
7.199816e-19
1.422830e-18
2.806136e-18
5.523170e-18
1.084906e-17
2.126765e-17
4.160743e-17
8.123555e-17
1.582869e-16
3.077994e-16
5.973296e-16
1.156868e-15
2.236029e-15
4.313150e-15
8.303002e-15
1.595141e-14
3.058345e-14
5.851904e-14
1.117458e-13
2.129553e-13
4.050129e-13
7.687274e-13
1.456126e-12
2.752635e-12
5.193036e-12
9.777254e-12
1.837111e-11
3.444900e-11
6.446748e-11
1.204003e-10
2.244072e-10
4.174158e-10
7.748604e-10
1.435491e-09
2.653994e-09
4.896907e-09
9.017082e-09
1.657038e-08
3.038933e-08
5.562011e-08
1.015932e-07
1.851908e-07
3.368963e-07
6.116387e-07
1.108193e-06
2.003815e-06
3.615944e-06
6.511893e-06
1.170346e-05
2.099148e-05
3.757449e-05
6.712195e-05
1.196623e-04
2.128979e-04
3.780127e-04
6.698269e-04
1.184513e-03
2.090441e-03
3.681772e-03
6.471378e-03
1.135161e-02
1.987186e-02
3.471684e-02
6.052884e-02
1.053186e-01
1.828807e-01
3.169211e-01
5.480934e-01
9.459715e-01
1.629377e+00
2.800818e+00
4.804721e+00
8.225668e+00
1.405380e+01
2.396272e+01
4.077537e+01
6.924351e+01
1.173490e+02
1.984720e+02
3.349948e+02
5.642817e+02
9.485775e+02
1.591360e+03
2.664299e+03
4.451599e+03
7.422799e+03
1.235202e+04
2.051287e+04
3.399641e+04
5.622869e+04
9.281132e+04
1.528839e+05
2.513279e+05
4.123226e+05
6.750738e+05
1.103019e+06
1.798589e+06
2.926835e+06
4.753152e+06
7.703396e+06
1.245947e+07
2.011102e+07
3.239552e+07
5.207780e+07
8.354811e+07
1.337633e+08
2.137242e+08
3.407895e+08
5.422941e+08
8.611906e+08
1.364833e+09
2.158614e+09
3.407110e+09
5.366763e+09
8.436337e+09
1.323459e+10
2.071961e+10
3.237186e+10
5.047406e+10
7.853861e+10
1.219586e+11
1.889974e+11
2.922894e+11
4.511117e+11
6.948143e+11
1.067989e+12
1.638243e+12
2.507858e+12
3.831250e+12
5.841049e+12
8.886971e+12
1.349364e+13
2.044640e+13
3.091837e+13
4.665823e+13
7.026704e+13
1.056055e+14
1.583918e+14
2.370774e+14
3.541265e+14
5.278828e+14
7.852846e+14
1.165808e+15
1.727178e+15
2.553625e+15
3.767790e+15
5.547864e+15
8.152189e+15
1.195451e+16
1.749435e+16
2.554893e+16
3.723538e+16
5.415605e+16
7.860426e+16
1.138552e+17
1.645761e+17
2.374039e+17
3.417557e+17
4.909648e+17
7.038679e+17
1.007020e+18
1.437774e+18
2.048560e+18
2.912809e+18
4.133140e+18
5.852655e+18
8.270466e+18
1.166302e+19
1.641330e+19
2.305069e+19
3.230540e+19
4.518237e+19
6.306164e+19
8.783419e+19
1.220854e+20
1.693421e+20
2.344053e+20
3.237952e+20
4.463482e+20
6.140121e+20
8.429069e+20
1.154733e+21
1.578636e+21
2.153678e+21
2.932092e+21
3.983564e+21
5.400862e+21
7.307199e+21
9.865861e+21
1.329275e+22
1.787269e+22
2.398058e+22
3.210878e+22
4.290241e+22
5.720487e+22
7.611619e+22
1.010679e+23
1.339188e+23
1.770765e+23
2.336527e+23
3.076599e+23
4.042598e+23
5.300771e+23
6.935950e+23
9.056503e+23
1.180055e+24
1.534371e+24
1.990877e+24
2.577765e+24
3.330634e+24
4.294318e+24
5.525156e+24
7.093770e+24
9.088481e+24
1.161947e+25
1.482386e+25
1.887189e+25
2.397442e+25
3.039193e+25
3.844546e+25
4.852971e+25
6.112872e+25
7.683461e+25
9.636993e+25
1.206142e+26
1.506351e+26
1.877258e+26
2.334484e+26
2.896848e+26
3.586968e+26
4.431951e+26
5.464205e+26
6.722370e+26
8.252394e+26
1.010877e+27
1.235596e+27
1.506999e+27
1.834030e+27
2.227180e+27
2.698723e+27
3.262976e+27
3.936594e+27
4.738893e+27
5.692212e+27
6.822311e+27
8.158804e+27
9.735635e+27
1.159159e+28
1.377085e+28
1.632360e+28
1.930661e+28
2.278396e+28
2.682770e+28
3.151857e+28
3.694673e+28
4.321254e+28
5.042724e+28
5.871376e+28
6.820736e+28
7.905631e+28
9.142249e+28
1.054819e+29
1.214249e+29
1.394570e+29
1.597981e+29
1.826832e+29
2.083617e+29
2.370969e+29
2.691650e+29
3.048543e+29
3.444635e+29
3.882994e+29
4.366754e+29
4.899080e+29
5.483141e+29
6.122073e+29
6.818934e+29
7.576664e+29
8.398030e+29
9.285576e+29
1.024156e+30
1.126789e+30
1.236607e+30
1.353712e+30
1.478151e+30
1.609909e+30
1.748903e+30
1.894974e+30
2.047882e+30
2.207298e+30
2.372800e+30
2.543870e+30
2.719886e+30
2.900125e+30
3.083757e+30
3.269847e+30
3.457358e+30
3.645151e+30
3.831994e+30
4.016567e+30
4.197470e+30
4.373234e+30
4.542338e+30
4.703217e+30
4.854283e+30
4.993944e+30
5.120617e+30
5.232758e+30
5.328877e+30
5.407564e+30
5.467512e+30
5.507538e+30
5.526609e+30
5.523861e+30
5.498621e+30
5.450429e+30
5.379049e+30
5.284491e+30
5.167018e+30
5.027155e+30
4.865698e+30
4.683712e+30
4.482529e+30
4.263743e+30
4.029197e+30
3.780970e+30
3.521356e+30
3.252843e+30
2.978084e+30
2.699868e+30
2.421089e+30
2.144704e+30
1.873702e+30
1.611061e+30
1.359712e+30
1.122493e+30
9.021141e+29
7.011194e+29
5.218482e+29
3.664030e+29
2.366179e+29
1.340325e+29
5.986860e+28
1.501212e+28
2.567342e+05
1.501212e+28
5.986860e+28
1.340325e+29
2.366179e+29
3.664030e+29
5.218482e+29
7.011194e+29
9.021141e+29
1.122493e+30
1.359712e+30
1.611061e+30
1.873702e+30
2.144704e+30
2.421089e+30
2.699868e+30
2.978084e+30
3.252843e+30
3.521356e+30
3.780970e+30
4.029197e+30
4.263743e+30
4.482529e+30
4.683712e+30
4.865698e+30
5.027155e+30
5.167018e+30
5.284491e+30
5.379049e+30
5.450429e+30
5.498621e+30
5.523861e+30
5.526609e+30
5.507538e+30
5.467512e+30
5.407564e+30
5.328877e+30
5.232758e+30
5.120617e+30
4.993944e+30
4.854283e+30
4.703217e+30
4.542338e+30
4.373234e+30
4.197470e+30
4.016567e+30
3.831994e+30
3.645151e+30
3.457358e+30
3.269847e+30
3.083757e+30
2.900125e+30
2.719886e+30
2.543870e+30
2.372800e+30
2.207298e+30
2.047882e+30
1.894974e+30
1.748903e+30
1.609909e+30
1.478151e+30
1.353712e+30
1.236607e+30
1.126789e+30
1.024156e+30
9.285576e+29
8.398030e+29
7.576664e+29
6.818934e+29
6.122073e+29
5.483141e+29
4.899080e+29
4.366754e+29
3.882994e+29
3.444635e+29
3.048543e+29
2.691650e+29
2.370969e+29
2.083617e+29
1.826832e+29
1.597981e+29
1.394570e+29
1.214249e+29
1.054819e+29
9.142249e+28
7.905631e+28
6.820736e+28
5.871376e+28
5.042724e+28
4.321254e+28
3.694673e+28
3.151857e+28
2.682770e+28
2.278396e+28
1.930661e+28
1.632360e+28
1.377085e+28
1.159159e+28
9.735635e+27
8.158804e+27
6.822311e+27
5.692212e+27
4.738893e+27
3.936594e+27
3.262976e+27
2.698723e+27
2.227180e+27
1.834030e+27
1.506999e+27
1.235596e+27
1.010877e+27
8.252394e+26
6.722370e+26
5.464205e+26
4.431951e+26
3.586968e+26
2.896848e+26
2.334484e+26
1.877258e+26
1.506351e+26
1.206142e+26
9.636993e+25
7.683461e+25
6.112872e+25
4.852971e+25
3.844546e+25
3.039193e+25
2.397442e+25
1.887189e+25
1.482386e+25
1.161947e+25
9.088481e+24
7.093770e+24
5.525156e+24
4.294318e+24
3.330634e+24
2.577765e+24
1.990877e+24
1.534371e+24
1.180055e+24
9.056503e+23
6.935950e+23
5.300771e+23
4.042598e+23
3.076599e+23
2.336527e+23
1.770765e+23
1.339188e+23
1.010679e+23
7.611619e+22
5.720487e+22
4.290241e+22
3.210878e+22
2.398058e+22
1.787269e+22
1.329275e+22
9.865861e+21
7.307199e+21
5.400862e+21
3.983564e+21
2.932092e+21
2.153678e+21
1.578636e+21
1.154733e+21
8.429069e+20
6.140121e+20
4.463482e+20
3.237952e+20
2.344053e+20
1.693421e+20
1.220854e+20
8.783419e+19
6.306164e+19
4.518237e+19
3.230540e+19
2.305069e+19
1.641330e+19
1.166302e+19
8.270466e+18
5.852655e+18
4.133140e+18
2.912809e+18
2.048560e+18
1.437774e+18
1.007020e+18
7.038679e+17
4.909648e+17
3.417557e+17
2.374039e+17
1.645761e+17
1.138552e+17
7.860426e+16
5.415605e+16
3.723538e+16
2.554893e+16
1.749435e+16
1.195451e+16
8.152189e+15
5.547864e+15
3.767790e+15
2.553625e+15
1.727178e+15
1.165808e+15
7.852846e+14
5.278828e+14
3.541265e+14
2.370774e+14
1.583918e+14
1.056055e+14
7.026704e+13
4.665823e+13
3.091837e+13
2.044640e+13
1.349364e+13
8.886971e+12
5.841049e+12
3.831250e+12
2.507858e+12
1.638243e+12
1.067989e+12
6.948143e+11
4.511117e+11
2.922894e+11
1.889974e+11
1.219586e+11
7.853861e+10
5.047406e+10
3.237186e+10
2.071961e+10
1.323459e+10
8.436337e+09
5.366763e+09
3.407110e+09
2.158614e+09
1.364833e+09
8.611906e+08
5.422941e+08
3.407895e+08
2.137242e+08
1.337633e+08
8.354811e+07
5.207780e+07
3.239552e+07
2.011102e+07
1.245947e+07
7.703396e+06
4.753152e+06
2.926835e+06
1.798589e+06
1.103019e+06
6.750738e+05
4.123226e+05
2.513279e+05
1.528839e+05
9.281132e+04
5.622869e+04
3.399641e+04
2.051287e+04
1.235202e+04
7.422799e+03
4.451599e+03
2.664299e+03
1.591360e+03
9.485775e+02
5.642817e+02
3.349948e+02
1.984720e+02
1.173490e+02
6.924351e+01
4.077537e+01
2.396272e+01
1.405380e+01
8.225668e+00
4.804721e+00
2.800818e+00
1.629377e+00
9.459715e-01
5.480934e-01
3.169211e-01
1.828807e-01
1.053186e-01
6.052884e-02
3.471684e-02
1.987186e-02
1.135161e-02
6.471378e-03
3.681772e-03
2.090441e-03
1.184513e-03
6.698269e-04
3.780127e-04
2.128979e-04
1.196623e-04
6.712195e-05
3.757449e-05
2.099148e-05
1.170346e-05
6.511893e-06
3.615944e-06
2.003815e-06
1.108193e-06
6.116387e-07
3.368963e-07
1.851908e-07
1.015932e-07
5.562011e-08
3.038933e-08
1.657038e-08
9.017082e-09
4.896907e-09
2.653994e-09
1.435491e-09
7.748604e-10
4.174158e-10
2.244072e-10
1.204003e-10
6.446748e-11
3.444900e-11
1.837111e-11
9.777254e-12
5.193036e-12
2.752635e-12
1.456126e-12
7.687274e-13
4.050129e-13
2.129553e-13
1.117458e-13
5.851904e-14
3.058345e-14
1.595141e-14
8.303002e-15
4.313150e-15
2.236029e-15
1.156868e-15
5.973296e-16
3.077994e-16
1.582869e-16
8.123555e-17
4.160743e-17
2.126765e-17
1.084906e-17
5.523170e-18
2.806136e-18
1.422830e-18
7.199816e-19
3.635916e-19
1.832442e-19
9.216606e-20
4.626322e-20
2.317528e-20
1.158613e-20
5.780642e-21
2.878314e-21
1.430292e-21
7.093091e-22
3.510516e-22
1.733927e-22
8.547032e-23
4.204597e-23
2.064230e-23
1.011385e-23
4.945379e-24
2.413278e-24
1.175276e-24
5.712121e-25
2.770637e-25
1.341179e-25
6.479164e-26
3.123748e-26
1.502997e-26
7.217141e-27
3.458576e-27
1.654073e-27
7.894725e-28
3.760491e-28
1.787629e-28
8.480771e-29
4.015306e-29
1.897261e-29
8.946663e-30
4.210371e-30
1.977448e-30
9.268620e-31
4.335614e-31
2.024005e-31
9.429707e-32
4.384401e-32
2.034455e-32
9.421310e-33
4.354118e-33
2.008236e-33
9.243898e-34
4.246403e-34
1.946763e-34
8.906982e-35
4.066998e-35
1.853289e-35
8.428268e-36
3.825246e-36
1.732632e-36
7.832118e-37
3.533280e-37
1.590754e-37
7.147496e-38
3.205021e-38
1.434280e-38
6.405650e-39
2.855081e-39
1.269989e-39
5.637775e-40
2.497708e-40
1.104337e-40
4.872908e-41
2.145858e-41
9.430614e-42
4.136237e-42
1.810494e-42
7.908885e-43
3.447941e-43
1.500137e-43
6.513708e-44
2.822619e-44
1.220682e-44
5.268412e-45
2.269255e-45
9.754688e-46
4.184756e-46
1.791651e-46
7.655322e-47
3.264376e-47
1.389196e-47
5.900022e-48
2.500751e-48
1.057825e-48
4.465647e-49
1.881402e-49
7.910528e-50
3.319375e-50
1.390061e-50
5.809497e-51
2.423092e-51
1.008622e-51
4.189997e-52
1.737105e-52
7.187292e-53
2.967779e-53
1.222996e-53
5.029737e-54
2.064394e-54
8.456043e-55
3.456756e-55
1.410254e-55
5.741870e-56
2.333116e-56
9.461208e-57
3.828988e-57
1.546495e-57
6.233622e-58
2.507608e-58
1.006714e-58
4.033477e-59
1.612800e-59
6.435894e-60
2.563094e-60
1.018703e-60
4.040712e-61
1.599542e-61
6.319181e-62
2.491457e-62
9.803327e-63
3.849648e-63
1.508676e-63
5.900631e-64
2.303183e-64
8.971932e-65
3.487957e-65
1.353268e-65
5.239911e-66
2.024845e-66
7.808851e-67
3.005455e-67
1.154412e-67
4.425264e-68
1.692954e-68
6.463666e-69
2.462863e-69
9.365466e-70
3.554236e-70
1.346142e-70
5.088189e-71
1.919391e-71
7.225890e-72
2.714858e-72
1.017960e-72
3.809272e-73
1.422595e-73
5.302106e-74
1.972166e-74
7.320931e-75
2.712171e-75
1.002757e-75
