1.470588e+29
1.464712e+29
1.458847e+29
1.452994e+29
1.447153e+29
1.441324e+29
1.435506e+29
1.429700e+29
1.423906e+29
1.418124e+29
1.412353e+29
1.406594e+29
1.400847e+29
1.395112e+29
1.389388e+29
1.383676e+29
1.377976e+29
1.372288e+29
1.366612e+29
1.360947e+29
1.355294e+29
1.349653e+29
1.344024e+29
1.338406e+29
1.332800e+29
1.327206e+29
1.321624e+29
1.316053e+29
1.310494e+29
1.304947e+29
1.299412e+29
1.293888e+29
1.288376e+29
1.282876e+29
1.277388e+29
1.271912e+29
1.266447e+29
1.260994e+29
1.255553e+29
1.250124e+29
1.244706e+29
1.239300e+29
1.233906e+29
1.228524e+29
1.223153e+29
1.217794e+29
1.212447e+29
1.207112e+29
1.201788e+29
1.196476e+29
1.191176e+29
1.185888e+29
1.180612e+29
1.175347e+29
1.170094e+29
1.164853e+29
1.159624e+29
1.154406e+29
1.149200e+29
1.144006e+29
1.138824e+29
1.133653e+29
1.128494e+29
1.123347e+29
1.118212e+29
1.113088e+29
1.107976e+29
1.102876e+29
1.097788e+29
1.092712e+29
1.087647e+29
1.082594e+29
1.077553e+29
1.072524e+29
1.067506e+29
1.062500e+29
1.057506e+29
1.052524e+29
1.047553e+29
1.042594e+29
1.037647e+29
1.032712e+29
1.027788e+29
1.022876e+29
1.017976e+29
1.013088e+29
1.008212e+29
1.003347e+29
9.984941e+28
9.936529e+28
9.888235e+28
9.840059e+28
9.792000e+28
9.744059e+28
9.696235e+28
9.648529e+28
9.600941e+28
9.553471e+28
9.506118e+28
9.458882e+28
9.411765e+28
9.364765e+28
9.317882e+28
9.271118e+28
9.224471e+28
9.177941e+28
9.131529e+28
9.085235e+28
9.039059e+28
8.993000e+28
8.947059e+28
8.901235e+28
8.855529e+28
8.809941e+28
8.764471e+28
8.719118e+28
8.673882e+28
8.628765e+28
8.583765e+28
8.538882e+28
8.494118e+28
8.449471e+28
8.404941e+28
8.360529e+28
8.316235e+28
8.272059e+28
8.228000e+28
8.184059e+28
8.140235e+28
8.096529e+28
8.052941e+28
8.009471e+28
7.966118e+28
7.922882e+28
7.879765e+28
7.836765e+28
7.793882e+28
7.751118e+28
7.708471e+28
7.665941e+28
7.623529e+28
7.581235e+28
7.539059e+28
7.497000e+28
7.455059e+28
7.413235e+28
7.371529e+28
7.329941e+28
7.288471e+28
7.247118e+28
7.205882e+28
7.164765e+28
7.123765e+28
7.082882e+28
7.042118e+28
7.001471e+28
6.960941e+28
6.920529e+28
6.880235e+28
6.840059e+28
6.800000e+28
6.760059e+28
6.720235e+28
6.680529e+28
6.640941e+28
6.601471e+28
6.562118e+28
6.522882e+28
6.483765e+28
6.444765e+28
6.405882e+28
6.367118e+28
6.328471e+28
6.289941e+28
6.251529e+28
6.213235e+28
6.175059e+28
6.137000e+28
6.099059e+28
6.061235e+28
6.023529e+28
5.985941e+28
5.948471e+28
5.911118e+28
5.873882e+28
5.836765e+28
5.799765e+28
5.762882e+28
5.726118e+28
5.689471e+28
5.652941e+28
5.616529e+28
5.580235e+28
5.544059e+28
5.508000e+28
5.472059e+28
5.436235e+28
5.400529e+28
5.364941e+28
5.329471e+28
5.294118e+28
5.258882e+28
5.223765e+28
5.188765e+28
5.153882e+28
5.119118e+28
5.084471e+28
5.049941e+28
5.015529e+28
4.981235e+28
4.947059e+28
4.913000e+28
4.879059e+28
4.845235e+28
4.811529e+28
4.777941e+28
4.744471e+28
4.711118e+28
4.677882e+28
4.644765e+28
4.611765e+28
4.578882e+28
4.546118e+28
4.513471e+28
4.480941e+28
4.448529e+28
4.416235e+28
4.384059e+28
4.352000e+28
4.320059e+28
4.288235e+28
4.256529e+28
4.224941e+28
4.193471e+28
4.162118e+28
4.130882e+28
4.099765e+28
4.068765e+28
4.037882e+28
4.007118e+28
3.976471e+28
3.945941e+28
3.915529e+28
3.885235e+28
3.855059e+28
3.825000e+28
3.795059e+28
3.765235e+28
3.735529e+28
3.705941e+28
3.676471e+28
3.647118e+28
3.617882e+28
3.588765e+28
3.559765e+28
3.530882e+28
3.502118e+28
3.473471e+28
3.444941e+28
3.416529e+28
3.388235e+28
3.360059e+28
3.332000e+28
3.304059e+28
3.276235e+28
3.248529e+28
3.220941e+28
3.193471e+28
3.166118e+28
3.138882e+28
3.111765e+28
3.084765e+28
3.057882e+28
3.031118e+28
3.004471e+28
2.977941e+28
2.951529e+28
2.925235e+28
2.899059e+28
2.873000e+28
2.847059e+28
2.821235e+28
2.795529e+28
2.769941e+28
2.744471e+28
2.719118e+28
2.693882e+28
2.668765e+28
2.643765e+28
2.618882e+28
2.594118e+28
2.569471e+28
2.544941e+28
2.520529e+28
2.496235e+28
2.472059e+28
2.448000e+28
2.424059e+28
2.400235e+28
2.376529e+28
2.352941e+28
2.329471e+28
2.306118e+28
2.282882e+28
2.259765e+28
2.236765e+28
2.213882e+28
2.191118e+28
2.168471e+28
2.145941e+28
2.123529e+28
2.101235e+28
2.079059e+28
2.057000e+28
2.035059e+28
2.013235e+28
1.991529e+28
1.969941e+28
1.948471e+28
1.927118e+28
1.905882e+28
1.884765e+28
1.863765e+28
1.842882e+28
1.822118e+28
1.801471e+28
1.780941e+28
1.760529e+28
1.740235e+28
1.720059e+28
1.700000e+28
1.680059e+28
1.660235e+28
1.640529e+28
1.620941e+28
1.601471e+28
1.582118e+28
1.562882e+28
1.543765e+28
1.524765e+28
1.505882e+28
1.487118e+28
1.468471e+28
1.449941e+28
1.431529e+28
1.413235e+28
1.395059e+28
1.377000e+28
1.359059e+28
1.341235e+28
1.323529e+28
1.305941e+28
1.288471e+28
1.271118e+28
1.253882e+28
1.236765e+28
1.219765e+28
1.202882e+28
1.186118e+28
1.169471e+28
1.152941e+28
1.136529e+28
1.120235e+28
1.104059e+28
1.088000e+28
1.072059e+28
1.056235e+28
1.040529e+28
1.024941e+28
1.009471e+28
9.941176e+27
9.788824e+27
9.637647e+27
9.487647e+27
9.338824e+27
9.191176e+27
9.044706e+27
8.899412e+27
8.755294e+27
8.612353e+27
8.470588e+27
8.330000e+27
8.190588e+27
8.052353e+27
7.915294e+27
7.779412e+27
7.644706e+27
7.511176e+27
7.378824e+27
7.247647e+27
7.117647e+27
6.988824e+27
6.861176e+27
6.734706e+27
6.609412e+27
6.485294e+27
6.362353e+27
6.240588e+27
6.120000e+27
6.000588e+27
5.882353e+27
5.765294e+27
5.649412e+27
5.534706e+27
5.421176e+27
5.308824e+27
5.197647e+27
5.087647e+27
4.978824e+27
4.871176e+27
4.764706e+27
4.659412e+27
4.555294e+27
4.452353e+27
4.350588e+27
4.250000e+27
4.150588e+27
4.052353e+27
3.955294e+27
3.859412e+27
3.764706e+27
3.671176e+27
3.578824e+27
3.487647e+27
3.397647e+27
3.308824e+27
3.221176e+27
3.134706e+27
3.049412e+27
2.965294e+27
2.882353e+27
2.800588e+27
2.720000e+27
2.640588e+27
2.562353e+27
2.485294e+27
2.409412e+27
2.334706e+27
2.261176e+27
2.188824e+27
2.117647e+27
2.047647e+27
1.978824e+27
1.911176e+27
1.844706e+27
1.779412e+27
1.715294e+27
1.652353e+27
1.590588e+27
1.530000e+27
1.470588e+27
1.412353e+27
1.355294e+27
1.299412e+27
1.244706e+27
1.191176e+27
1.138824e+27
1.087647e+27
1.037647e+27
9.888235e+26
9.411765e+26
8.947059e+26
8.494118e+26
8.052941e+26
7.623529e+26
7.205882e+26
6.800000e+26
6.405882e+26
6.023529e+26
5.652941e+26
5.294118e+26
4.947059e+26
4.611765e+26
4.288235e+26
3.976471e+26
3.676471e+26
3.388235e+26
3.111765e+26
2.847059e+26
2.594118e+26
2.352941e+26
2.123529e+26
1.905882e+26
1.700000e+26
1.505882e+26
1.323529e+26
1.152941e+26
9.941176e+25
8.470588e+25
7.117647e+25
5.882353e+25
4.764706e+25
3.764706e+25
2.882353e+25
2.117647e+25
1.470588e+25
9.411765e+24
5.294118e+24
2.352941e+24
5.882353e+23
0.000000e+00
5.882353e+23
2.352941e+24
5.294118e+24
9.411765e+24
1.470588e+25
2.117647e+25
2.882353e+25
3.764706e+25
4.764706e+25
5.882353e+25
7.117647e+25
8.470588e+25
9.941176e+25
1.152941e+26
1.323529e+26
1.505882e+26
1.700000e+26
1.905882e+26
2.123529e+26
2.352941e+26
2.594118e+26
2.847059e+26
3.111765e+26
3.388235e+26
3.676471e+26
3.976471e+26
4.288235e+26
4.611765e+26
4.947059e+26
5.294118e+26
5.652941e+26
6.023529e+26
6.405882e+26
6.800000e+26
7.205882e+26
7.623529e+26
8.052941e+26
8.494118e+26
8.947059e+26
9.411765e+26
9.888235e+26
1.037647e+27
1.087647e+27
1.138824e+27
1.191176e+27
1.244706e+27
1.299412e+27
1.355294e+27
1.412353e+27
1.470588e+27
1.530000e+27
1.590588e+27
1.652353e+27
1.715294e+27
1.779412e+27
1.844706e+27
1.911176e+27
1.978824e+27
2.047647e+27
2.117647e+27
2.188824e+27
2.261176e+27
2.334706e+27
2.409412e+27
2.485294e+27
2.562353e+27
2.640588e+27
2.720000e+27
2.800588e+27
2.882353e+27
2.965294e+27
3.049412e+27
3.134706e+27
3.221176e+27
3.308824e+27
3.397647e+27
3.487647e+27
3.578824e+27
3.671176e+27
3.764706e+27
3.859412e+27
3.955294e+27
4.052353e+27
4.150588e+27
4.250000e+27
4.350588e+27
4.452353e+27
4.555294e+27
4.659412e+27
4.764706e+27
4.871176e+27
4.978824e+27
5.087647e+27
5.197647e+27
5.308824e+27
5.421176e+27
5.534706e+27
5.649412e+27
5.765294e+27
5.882353e+27
6.000588e+27
6.120000e+27
6.240588e+27
6.362353e+27
6.485294e+27
6.609412e+27
6.734706e+27
6.861176e+27
6.988824e+27
7.117647e+27
7.247647e+27
7.378824e+27
7.511176e+27
7.644706e+27
7.779412e+27
7.915294e+27
8.052353e+27
8.190588e+27
8.330000e+27
8.470588e+27
8.612353e+27
8.755294e+27
8.899412e+27
9.044706e+27
9.191176e+27
9.338824e+27
9.487647e+27
9.637647e+27
9.788824e+27
9.941176e+27
1.009471e+28
1.024941e+28
1.040529e+28
1.056235e+28
1.072059e+28
1.088000e+28
1.104059e+28
1.120235e+28
1.136529e+28
1.152941e+28
1.169471e+28
1.186118e+28
1.202882e+28
1.219765e+28
1.236765e+28
1.253882e+28
1.271118e+28
1.288471e+28
1.305941e+28
1.323529e+28
1.341235e+28
1.359059e+28
1.377000e+28
1.395059e+28
1.413235e+28
1.431529e+28
1.449941e+28
1.468471e+28
1.487118e+28
1.505882e+28
1.524765e+28
1.543765e+28
1.562882e+28
1.582118e+28
1.601471e+28
1.620941e+28
1.640529e+28
1.660235e+28
1.680059e+28
1.700000e+28
1.720059e+28
1.740235e+28
1.760529e+28
1.780941e+28
1.801471e+28
1.822118e+28
1.842882e+28
1.863765e+28
1.884765e+28
1.905882e+28
1.927118e+28
1.948471e+28
1.969941e+28
1.991529e+28
2.013235e+28
2.035059e+28
2.057000e+28
2.079059e+28
2.101235e+28
2.123529e+28
2.145941e+28
2.168471e+28
2.191118e+28
2.213882e+28
2.236765e+28
2.259765e+28
2.282882e+28
2.306118e+28
2.329471e+28
2.352941e+28
2.376529e+28
2.400235e+28
2.424059e+28
2.448000e+28
2.472059e+28
2.496235e+28
2.520529e+28
2.544941e+28
2.569471e+28
2.594118e+28
2.618882e+28
2.643765e+28
2.668765e+28
2.693882e+28
2.719118e+28
2.744471e+28
2.769941e+28
2.795529e+28
2.821235e+28
2.847059e+28
2.873000e+28
2.899059e+28
2.925235e+28
2.951529e+28
2.977941e+28
3.004471e+28
3.031118e+28
3.057882e+28
3.084765e+28
3.111765e+28
3.138882e+28
3.166118e+28
3.193471e+28
3.220941e+28
3.248529e+28
3.276235e+28
3.304059e+28
3.332000e+28
3.360059e+28
3.388235e+28
3.416529e+28
3.444941e+28
3.473471e+28
3.502118e+28
3.530882e+28
3.559765e+28
3.588765e+28
3.617882e+28
3.647118e+28
3.676471e+28
3.705941e+28
3.735529e+28
3.765235e+28
3.795059e+28
3.825000e+28
3.855059e+28
3.885235e+28
3.915529e+28
3.945941e+28
3.976471e+28
4.007118e+28
4.037882e+28
4.068765e+28
4.099765e+28
4.130882e+28
4.162118e+28
4.193471e+28
4.224941e+28
4.256529e+28
4.288235e+28
4.320059e+28
4.352000e+28
4.384059e+28
4.416235e+28
4.448529e+28
4.480941e+28
4.513471e+28
4.546118e+28
4.578882e+28
4.611765e+28
4.644765e+28
4.677882e+28
4.711118e+28
4.744471e+28
4.777941e+28
4.811529e+28
4.845235e+28
4.879059e+28
4.913000e+28
4.947059e+28
4.981235e+28
5.015529e+28
5.049941e+28
5.084471e+28
5.119118e+28
5.153882e+28
5.188765e+28
5.223765e+28
5.258882e+28
5.294118e+28
5.329471e+28
5.364941e+28
5.400529e+28
5.436235e+28
5.472059e+28
5.508000e+28
5.544059e+28
5.580235e+28
5.616529e+28
5.652941e+28
5.689471e+28
5.726118e+28
5.762882e+28
5.799765e+28
5.836765e+28
5.873882e+28
5.911118e+28
5.948471e+28
5.985941e+28
6.023529e+28
6.061235e+28
6.099059e+28
6.137000e+28
6.175059e+28
6.213235e+28
6.251529e+28
6.289941e+28
6.328471e+28
6.367118e+28
6.405882e+28
6.444765e+28
6.483765e+28
6.522882e+28
6.562118e+28
6.601471e+28
6.640941e+28
6.680529e+28
6.720235e+28
6.760059e+28
6.800000e+28
6.840059e+28
6.880235e+28
6.920529e+28
6.960941e+28
7.001471e+28
7.042118e+28
7.082882e+28
7.123765e+28
7.164765e+28
7.205882e+28
7.247118e+28
7.288471e+28
7.329941e+28
7.371529e+28
7.413235e+28
7.455059e+28
7.497000e+28
7.539059e+28
7.581235e+28
7.623529e+28
7.665941e+28
7.708471e+28
7.751118e+28
7.793882e+28
7.836765e+28
7.879765e+28
7.922882e+28
7.966118e+28
8.009471e+28
8.052941e+28
8.096529e+28
8.140235e+28
8.184059e+28
8.228000e+28
8.272059e+28
8.316235e+28
8.360529e+28
8.404941e+28
8.449471e+28
8.494118e+28
8.538882e+28
8.583765e+28
8.628765e+28
8.673882e+28
8.719118e+28
8.764471e+28
8.809941e+28
8.855529e+28
8.901235e+28
8.947059e+28
8.993000e+28
9.039059e+28
9.085235e+28
9.131529e+28
9.177941e+28
9.224471e+28
9.271118e+28
9.317882e+28
9.364765e+28
9.411765e+28
9.458882e+28
9.506118e+28
9.553471e+28
9.600941e+28
9.648529e+28
9.696235e+28
9.744059e+28
9.792000e+28
9.840059e+28
9.888235e+28
9.936529e+28
9.984941e+28
1.003347e+29
1.008212e+29
1.013088e+29
1.017976e+29
1.022876e+29
1.027788e+29
1.032712e+29
1.037647e+29
1.042594e+29
1.047553e+29
1.052524e+29
1.057506e+29
1.062500e+29
1.067506e+29
1.072524e+29
1.077553e+29
1.082594e+29
1.087647e+29
1.092712e+29
1.097788e+29
1.102876e+29
1.107976e+29
1.113088e+29
1.118212e+29
1.123347e+29
1.128494e+29
1.133653e+29
1.138824e+29
1.144006e+29
1.149200e+29
1.154406e+29
1.159624e+29
1.164853e+29
1.170094e+29
1.175347e+29
1.180612e+29
1.185888e+29
1.191176e+29
1.196476e+29
1.201788e+29
1.207112e+29
1.212447e+29
1.217794e+29
1.223153e+29
1.228524e+29
1.233906e+29
1.239300e+29
1.244706e+29
1.250124e+29
1.255553e+29
1.260994e+29
1.266447e+29
1.271912e+29
1.277388e+29
1.282876e+29
1.288376e+29
1.293888e+29
1.299412e+29
1.304947e+29
1.310494e+29
1.316053e+29
1.321624e+29
1.327206e+29
1.332800e+29
1.338406e+29
1.344024e+29
1.349653e+29
1.355294e+29
1.360947e+29
1.366612e+29
1.372288e+29
1.377976e+29
1.383676e+29
1.389388e+29
1.395112e+29
1.400847e+29
1.406594e+29
1.412353e+29
1.418124e+29
1.423906e+29
1.429700e+29
1.435506e+29
1.441324e+29
1.447153e+29
1.452994e+29
1.458847e+29
1.464712e+29
1.470588e+29
