a=	8.722496e-14	eps=	8.752946e-20
3.125000e+02
3.122500e+02
3.120002e+02
3.117505e+02
3.115008e+02
3.112513e+02
3.110018e+02
3.107525e+02
3.105032e+02
3.102541e+02
3.100050e+02
3.097561e+02
3.095072e+02
3.092585e+02
3.090098e+02
3.087613e+02
3.085128e+02
3.082645e+02
3.080162e+02
3.077681e+02
3.075200e+02
3.072721e+02
3.070242e+02
3.067765e+02
3.065288e+02
3.062812e+02
3.060338e+02
3.057865e+02
3.055392e+02
3.052921e+02
3.050450e+02
3.047980e+02
3.045512e+02
3.043045e+02
3.040578e+02
3.038113e+02
3.035648e+02
3.033185e+02
3.030722e+02
3.028261e+02
3.025800e+02
3.023340e+02
3.020882e+02
3.018425e+02
3.015968e+02
3.013512e+02
3.011058e+02
3.008605e+02
3.006152e+02
3.003700e+02
3.001250e+02
2.998801e+02
2.996352e+02
2.993904e+02
2.991458e+02
2.989013e+02
2.986568e+02
2.984125e+02
2.981682e+02
2.979241e+02
2.976800e+02
2.974361e+02
2.971922e+02
2.969485e+02
2.967048e+02
2.964613e+02
2.962178e+02
2.959744e+02
2.957312e+02
2.954880e+02
2.952450e+02
2.950020e+02
2.947592e+02
2.945165e+02
2.942738e+02
2.940312e+02
2.937888e+02
2.935464e+02
2.933042e+02
2.930620e+02
2.928200e+02
2.925781e+02
2.923362e+02
2.920944e+02
2.918528e+02
2.916113e+02
2.913698e+02
2.911284e+02
2.908872e+02
2.906461e+02
2.904050e+02
2.901641e+02
2.899232e+02
2.896825e+02
2.894418e+02
2.892013e+02
2.889608e+02
2.887205e+02
2.884802e+02
2.882400e+02
2.880000e+02
2.877601e+02
2.875202e+02
2.872805e+02
2.870408e+02
2.868013e+02
2.865618e+02
2.863225e+02
2.860832e+02
2.858441e+02
2.856050e+02
2.853661e+02
2.851272e+02
2.848885e+02
2.846498e+02
2.844112e+02
2.841728e+02
2.839345e+02
2.836962e+02
2.834581e+02
2.832200e+02
2.829821e+02
2.827442e+02
2.825065e+02
2.822688e+02
2.820312e+02
2.817938e+02
2.815565e+02
2.813192e+02
2.810821e+02
2.808450e+02
2.806080e+02
2.803712e+02
2.801345e+02
2.798978e+02
2.796612e+02
2.794248e+02
2.791884e+02
2.789522e+02
2.787160e+02
2.784800e+02
2.782441e+02
2.780082e+02
2.777724e+02
2.775368e+02
2.773013e+02
2.770658e+02
2.768305e+02
2.765952e+02
2.763601e+02
2.761250e+02
2.758901e+02
2.756552e+02
2.754205e+02
2.751858e+02
2.749513e+02
2.747168e+02
2.744825e+02
2.742482e+02
2.740140e+02
2.737800e+02
2.735461e+02
2.733122e+02
2.730785e+02
2.728448e+02
2.726113e+02
2.723778e+02
2.721445e+02
2.719112e+02
2.716780e+02
2.714450e+02
2.712121e+02
2.709792e+02
2.707465e+02
2.705138e+02
2.702812e+02
2.700488e+02
2.698165e+02
2.695842e+02
2.693521e+02
2.691200e+02
2.688881e+02
2.686562e+02
2.684245e+02
2.681928e+02
2.679613e+02
2.677298e+02
2.674984e+02
2.672672e+02
2.670360e+02
2.668050e+02
2.665740e+02
2.663432e+02
2.661125e+02
2.658818e+02
2.656513e+02
2.654208e+02
2.651904e+02
2.649602e+02
2.647301e+02
2.645000e+02
2.642701e+02
2.640402e+02
2.638105e+02
2.635808e+02
2.633512e+02
2.631218e+02
2.628924e+02
2.626632e+02
2.624341e+02
2.622050e+02
2.619760e+02
2.617472e+02
2.615185e+02
2.612898e+02
2.610613e+02
2.608328e+02
2.606044e+02
2.603762e+02
2.601481e+02
2.599200e+02
2.596920e+02
2.594642e+02
2.592364e+02
2.590088e+02
2.587812e+02
2.585538e+02
2.583265e+02
2.580992e+02
2.578721e+02
2.576450e+02
2.574180e+02
2.571912e+02
2.569644e+02
2.567378e+02
2.565113e+02
2.562848e+02
2.560584e+02
2.558322e+02
2.556061e+02
2.553800e+02
2.551541e+02
2.549282e+02
2.547024e+02
2.544768e+02
2.542512e+02
2.540258e+02
2.538005e+02
2.535752e+02
2.533501e+02
2.531250e+02
2.529001e+02
2.526752e+02
2.524505e+02
2.522258e+02
2.520012e+02
2.517768e+02
2.515525e+02
2.513282e+02
2.511041e+02
2.508800e+02
2.506561e+02
2.504322e+02
2.502084e+02
2.499848e+02
2.497613e+02
2.495378e+02
2.493145e+02
2.490912e+02
2.488681e+02
2.486450e+02
2.484221e+02
2.481992e+02
2.479764e+02
2.477538e+02
2.475312e+02
2.473088e+02
2.470865e+02
2.468642e+02
2.466421e+02
2.464200e+02
2.461981e+02
2.459762e+02
2.457545e+02
2.455328e+02
2.453113e+02
2.450898e+02
2.448685e+02
2.446472e+02
2.444261e+02
2.442050e+02
2.439841e+02
2.437632e+02
2.435425e+02
2.433218e+02
2.431013e+02
2.428808e+02
2.426605e+02
2.424402e+02
2.422201e+02
2.420000e+02
2.417801e+02
2.415602e+02
2.413405e+02
2.411208e+02
2.409013e+02
2.406818e+02
2.404625e+02
2.402432e+02
2.400241e+02
2.398050e+02
2.395861e+02
2.393672e+02
2.391485e+02
2.389298e+02
2.387113e+02
2.384928e+02
2.382745e+02
2.380562e+02
2.378381e+02
2.376200e+02
2.374021e+02
2.371842e+02
2.369665e+02
2.367488e+02
2.365312e+02
2.363138e+02
2.360965e+02
2.358792e+02
2.356621e+02
2.354450e+02
2.352281e+02
2.350112e+02
2.347945e+02
2.345778e+02
2.343613e+02
2.341448e+02
2.339284e+02
2.337122e+02
2.334961e+02
2.332800e+02
2.330641e+02
2.328482e+02
2.326325e+02
2.324168e+02
2.322013e+02
2.319858e+02
2.317705e+02
2.315552e+02
2.313401e+02
2.311250e+02
2.309101e+02
2.306952e+02
2.304805e+02
2.302658e+02
2.300513e+02
2.298368e+02
2.296225e+02
2.294082e+02
2.291941e+02
2.289800e+02
2.287661e+02
2.285522e+02
2.283385e+02
2.281248e+02
2.279113e+02
2.276978e+02
2.274845e+02
2.272712e+02
2.270581e+02
2.268450e+02
2.266321e+02
2.264192e+02
2.262065e+02
2.259938e+02
2.257812e+02
2.255688e+02
2.253565e+02
2.251442e+02
2.249321e+02
2.247200e+02
2.245080e+02
2.242962e+02
2.240845e+02
2.238728e+02
2.236613e+02
2.234498e+02
2.232385e+02
2.230272e+02
2.228161e+02
2.226050e+02
2.223941e+02
2.221832e+02
2.219725e+02
2.217618e+02
2.215513e+02
2.213408e+02
2.211305e+02
2.209202e+02
2.207101e+02
2.205000e+02
2.202901e+02
2.200802e+02
2.198705e+02
2.196608e+02
2.194513e+02
2.192418e+02
2.190325e+02
2.188232e+02
2.186141e+02
2.184050e+02
2.181961e+02
2.179872e+02
2.177785e+02
2.175698e+02
2.173613e+02
2.171528e+02
2.169445e+02
2.167362e+02
2.165281e+02
2.163200e+02
2.161121e+02
2.159042e+02
2.156964e+02
2.154888e+02
2.152812e+02
2.150738e+02
2.148665e+02
2.146592e+02
2.144521e+02
2.142450e+02
2.140380e+02
2.138312e+02
2.136245e+02
2.134178e+02
2.132113e+02
2.130048e+02
2.127985e+02
2.125922e+02
2.123861e+02
2.121800e+02
2.119741e+02
2.117682e+02
2.115625e+02
2.113568e+02
2.111513e+02
2.109458e+02
2.107405e+02
2.105352e+02
2.103300e+02
2.101250e+02
2.099201e+02
2.097152e+02
2.095105e+02
2.093058e+02
2.091013e+02
2.088968e+02
2.086925e+02
2.084882e+02
2.082841e+02
2.080800e+02
2.078761e+02
2.076722e+02
2.074685e+02
2.072648e+02
2.070613e+02
2.068578e+02
2.066544e+02
2.064512e+02
2.062481e+02
2.060450e+02
2.058421e+02
2.056392e+02
2.054365e+02
2.052338e+02
2.050312e+02
2.048288e+02
2.046265e+02
2.044242e+02
2.042220e+02
2.040200e+02
2.038180e+02
2.036162e+02
2.034145e+02
2.032128e+02
2.030113e+02
2.028098e+02
2.026085e+02
2.024072e+02
2.022061e+02
2.020050e+02
2.018041e+02
2.016032e+02
2.014025e+02
2.012018e+02
2.010012e+02
2.008008e+02
2.006005e+02
2.004002e+02
2.002001e+02
2.000000e+02
1.998000e+02
1.996002e+02
1.994005e+02
1.992008e+02
1.990012e+02
1.988018e+02
1.986025e+02
1.984032e+02
1.982041e+02
1.980050e+02
1.978060e+02
1.976072e+02
1.974085e+02
1.972098e+02
1.970113e+02
1.968128e+02
1.966145e+02
1.964162e+02
1.962181e+02
1.960200e+02
1.958221e+02
1.956242e+02
1.954265e+02
1.952288e+02
1.950312e+02
1.948338e+02
1.946364e+02
1.944392e+02
1.942421e+02
1.940450e+02
1.938481e+02
1.936512e+02
1.934545e+02
1.932578e+02
1.930613e+02
1.928648e+02
1.926685e+02
1.924722e+02
1.922760e+02
1.920800e+02
1.918841e+02
1.916882e+02
1.914925e+02
1.912968e+02
1.911013e+02
1.909058e+02
1.907105e+02
1.905152e+02
1.903201e+02
1.901250e+02
1.899301e+02
1.897352e+02
1.895405e+02
1.893458e+02
1.891513e+02
1.889568e+02
1.887625e+02
1.885682e+02
1.883741e+02
1.881800e+02
1.879861e+02
1.877922e+02
1.875985e+02
1.874048e+02
1.872113e+02
1.870178e+02
1.868245e+02
1.866312e+02
1.864381e+02
1.862450e+02
1.860521e+02
1.858592e+02
1.856664e+02
1.854738e+02
1.852812e+02
1.850888e+02
1.848965e+02
1.847042e+02
1.845121e+02
1.843200e+02
1.841281e+02
1.839362e+02
1.837445e+02
1.835528e+02
1.833613e+02
1.831698e+02
1.829785e+02
1.827872e+02
1.825961e+02
1.824050e+02
1.822141e+02
1.820232e+02
1.818325e+02
1.816418e+02
1.814513e+02
1.812608e+02
1.810705e+02
1.808802e+02
1.806901e+02
1.805000e+02
1.803101e+02
1.801202e+02
1.799305e+02
1.797408e+02
1.795513e+02
1.793618e+02
1.791724e+02
1.789832e+02
1.787940e+02
1.786050e+02
1.784161e+02
1.782272e+02
1.780385e+02
1.778498e+02
1.776612e+02
1.774728e+02
1.772845e+02
1.770962e+02
1.769081e+02
1.767200e+02
1.765320e+02
1.763442e+02
1.761565e+02
1.759688e+02
1.757812e+02
1.755938e+02
1.754065e+02
1.752192e+02
1.750320e+02
1.748450e+02
1.746581e+02
1.744712e+02
1.742845e+02
1.740978e+02
1.739112e+02
1.737248e+02
1.735385e+02
1.733522e+02
1.731661e+02
1.729800e+02
1.727940e+02
1.726082e+02
1.724224e+02
1.722368e+02
1.720513e+02
1.718658e+02
1.716805e+02
1.714952e+02
1.713101e+02
1.711250e+02
1.709401e+02
1.707552e+02
1.705705e+02
1.703858e+02
1.702013e+02
1.700168e+02
1.698324e+02
1.696482e+02
1.694641e+02
1.692800e+02
1.690961e+02
1.689122e+02
1.687285e+02
1.685448e+02
1.683613e+02
1.681778e+02
1.679945e+02
1.678112e+02
1.676281e+02
1.674450e+02
1.672621e+02
1.670792e+02
1.668965e+02
1.667138e+02
1.665312e+02
1.663488e+02
1.661664e+02
1.659842e+02
1.658021e+02
1.656200e+02
1.654381e+02
1.652562e+02
1.650745e+02
1.648928e+02
1.647113e+02
1.645298e+02
1.643485e+02
1.641672e+02
1.639861e+02
1.638050e+02
1.636241e+02
1.634432e+02
1.632625e+02
1.630818e+02
1.629013e+02
1.627208e+02
1.625405e+02
1.623602e+02
1.621800e+02
1.620000e+02
1.618201e+02
1.616402e+02
1.614605e+02
1.612808e+02
1.611013e+02
1.609218e+02
1.607425e+02
1.605632e+02
1.603841e+02
1.602050e+02
1.600260e+02
1.598472e+02
1.596685e+02
1.594898e+02
1.593113e+02
1.591328e+02
1.589545e+02
1.587762e+02
1.585981e+02
1.584200e+02
1.582421e+02
1.580642e+02
1.578864e+02
1.577088e+02
1.575312e+02
1.573538e+02
1.571765e+02
1.569992e+02
1.568221e+02
1.566450e+02
1.564681e+02
1.562912e+02
1.561145e+02
1.559378e+02
1.557613e+02
1.555848e+02
1.554085e+02
1.552322e+02
1.550560e+02
1.548800e+02
1.547040e+02
1.545282e+02
1.543525e+02
1.541768e+02
1.540012e+02
1.538258e+02
1.536505e+02
1.534752e+02
1.533000e+02
1.531250e+02
1.529501e+02
1.527752e+02
1.526004e+02
1.524258e+02
1.522512e+02
1.520768e+02
1.519025e+02
1.517282e+02
1.515541e+02
1.513800e+02
1.512061e+02
1.510322e+02
1.508585e+02
1.506848e+02
1.505113e+02
1.503378e+02
1.501645e+02
1.499912e+02
1.498180e+02
1.496450e+02
1.494720e+02
1.492992e+02
1.491265e+02
1.489538e+02
1.487812e+02
1.486088e+02
1.484365e+02
1.482642e+02
1.480921e+02
1.479200e+02
1.477481e+02
1.475762e+02
1.474044e+02
1.472328e+02
1.470613e+02
1.468898e+02
1.467185e+02
1.465472e+02
1.463761e+02
1.462050e+02
1.460341e+02
1.458632e+02
1.456925e+02
1.455218e+02
1.453512e+02
1.451808e+02
1.450105e+02
1.448402e+02
1.446701e+02
1.445000e+02
1.443300e+02
1.441602e+02
1.439905e+02
1.438208e+02
1.436513e+02
1.434818e+02
1.433125e+02
1.431432e+02
1.429741e+02
1.428050e+02
1.426361e+02
1.424672e+02
1.422985e+02
1.421298e+02
1.419613e+02
1.417928e+02
1.416244e+02
1.414562e+02
1.412880e+02
1.411200e+02
1.409521e+02
1.407842e+02
1.406165e+02
1.404488e+02
1.402812e+02
1.401138e+02
1.399464e+02
1.397792e+02
1.396121e+02
1.394450e+02
1.392781e+02
1.391112e+02
1.389445e+02
1.387778e+02
1.386113e+02
1.384448e+02
1.382785e+02
1.381122e+02
1.379461e+02
1.377800e+02
1.376141e+02
1.374482e+02
1.372825e+02
1.371168e+02
1.369513e+02
1.367858e+02
1.366205e+02
1.364552e+02
1.362901e+02
1.361250e+02
1.359600e+02
1.357952e+02
1.356304e+02
1.354658e+02
1.353013e+02
1.351368e+02
1.349725e+02
1.348082e+02
1.346440e+02
1.344800e+02
1.343161e+02
1.341522e+02
1.339885e+02
1.338248e+02
1.336612e+02
1.334978e+02
1.333345e+02
1.331712e+02
1.330080e+02
1.328450e+02
1.326821e+02
1.325192e+02
1.323564e+02
1.321938e+02
1.320312e+02
1.318688e+02
1.317065e+02
1.315442e+02
1.313820e+02
1.312200e+02
1.310581e+02
1.308962e+02
1.307345e+02
1.305728e+02
1.304112e+02
1.302498e+02
1.300884e+02
1.299272e+02
1.297661e+02
1.296050e+02
1.294441e+02
1.292832e+02
1.291225e+02
1.289618e+02
1.288013e+02
1.286408e+02
1.284805e+02
1.283202e+02
1.281601e+02
1.280000e+02
1.278401e+02
1.276802e+02
1.275205e+02
1.273608e+02
1.272013e+02
1.270418e+02
1.268825e+02
1.267232e+02
1.265641e+02
1.264050e+02
1.262461e+02
1.260872e+02
1.259285e+02
1.257698e+02
1.256113e+02
1.254528e+02
1.252945e+02
1.251362e+02
1.249781e+02
1.248200e+02
1.246621e+02
1.245042e+02
1.243465e+02
1.241888e+02
1.240312e+02
1.238738e+02
1.237165e+02
1.235592e+02
1.234021e+02
1.232450e+02
1.230881e+02
1.229312e+02
1.227745e+02
1.226178e+02
1.224613e+02
1.223048e+02
1.221485e+02
1.219922e+02
1.218361e+02
1.216800e+02
1.215241e+02
1.213682e+02
1.212125e+02
1.210568e+02
1.209013e+02
1.207458e+02
1.205905e+02
1.204352e+02
1.202801e+02
1.201250e+02
1.199701e+02
1.198152e+02
1.196605e+02
1.195058e+02
1.193513e+02
1.191968e+02
1.190425e+02
1.188882e+02
1.187341e+02
1.185800e+02
1.184261e+02
1.182722e+02
1.181185e+02
1.179648e+02
1.178113e+02
1.176578e+02
1.175045e+02
1.173512e+02
1.171981e+02
1.170450e+02
1.168921e+02
1.167392e+02
1.165864e+02
1.164338e+02
1.162812e+02
1.161288e+02
1.159764e+02
1.158242e+02
1.156720e+02
1.155200e+02
1.153681e+02
1.152162e+02
1.150645e+02
1.149128e+02
1.147613e+02
1.146098e+02
1.144584e+02
1.143072e+02
1.141561e+02
1.140050e+02
1.138541e+02
1.137032e+02
1.135525e+02
1.134018e+02
1.132512e+02
1.131008e+02
1.129505e+02
1.128002e+02
1.126501e+02
1.125000e+02
1.123501e+02
1.122002e+02
1.120505e+02
1.119008e+02
1.117512e+02
1.116018e+02
1.114524e+02
1.113032e+02
1.111541e+02
1.110050e+02
1.108561e+02
1.107072e+02
1.105585e+02
1.104098e+02
1.102613e+02
1.101128e+02
1.099644e+02
1.098162e+02
1.096681e+02
1.095200e+02
1.093721e+02
1.092242e+02
1.090765e+02
1.089288e+02
1.087812e+02
1.086338e+02
1.084865e+02
1.083392e+02
1.081921e+02
1.080450e+02
1.078981e+02
1.077512e+02
1.076044e+02
1.074578e+02
1.073113e+02
1.071648e+02
1.070185e+02
1.068722e+02
1.067261e+02
1.065800e+02
1.064340e+02
1.062882e+02
1.061425e+02
1.059968e+02
1.058513e+02
1.057058e+02
1.055605e+02
1.054152e+02
1.052701e+02
1.051250e+02
1.049801e+02
1.048352e+02
1.046904e+02
1.045458e+02
1.044013e+02
1.042568e+02
1.041125e+02
1.039682e+02
1.038240e+02
1.036800e+02
1.035361e+02
1.033922e+02
1.032485e+02
1.031048e+02
1.029613e+02
1.028178e+02
1.026745e+02
1.025312e+02
1.023881e+02
1.022450e+02
1.021021e+02
1.019592e+02
1.018165e+02
1.016738e+02
1.015312e+02
1.013888e+02
1.012465e+02
1.011042e+02
1.009621e+02
1.008200e+02
1.006780e+02
1.005362e+02
1.003945e+02
1.002528e+02
1.001112e+02
9.996980e+01
9.982845e+01
9.968720e+01
9.954605e+01
9.940500e+01
9.926405e+01
9.912320e+01
9.898245e+01
9.884180e+01
9.870125e+01
9.856080e+01
9.842045e+01
9.828020e+01
9.814005e+01
9.800000e+01
9.786005e+01
9.772020e+01
9.758045e+01
9.744080e+01
9.730125e+01
9.716180e+01
9.702245e+01
9.688320e+01
9.674405e+01
9.660500e+01
9.646605e+01
9.632720e+01
9.618845e+01
9.604980e+01
9.591125e+01
9.577280e+01
9.563445e+01
9.549620e+01
9.535805e+01
9.522000e+01
9.508205e+01
9.494420e+01
9.480645e+01
9.466880e+01
9.453125e+01
9.439380e+01
9.425645e+01
9.411920e+01
9.398205e+01
9.384500e+01
9.370805e+01
9.357120e+01
9.343445e+01
9.329780e+01
9.316125e+01
9.302480e+01
9.288845e+01
9.275220e+01
9.261605e+01
9.248000e+01
9.234405e+01
9.220820e+01
9.207245e+01
9.193680e+01
9.180125e+01
9.166580e+01
9.153045e+01
9.139520e+01
9.126005e+01
9.112500e+01
9.099005e+01
9.085520e+01
9.072045e+01
9.058580e+01
9.045125e+01
9.031680e+01
9.018245e+01
9.004820e+01
8.991405e+01
8.978000e+01
8.964605e+01
8.951220e+01
8.937845e+01
8.924480e+01
8.911125e+01
8.897780e+01
8.884445e+01
8.871120e+01
8.857805e+01
8.844500e+01
8.831205e+01
8.817920e+01
8.804645e+01
8.791380e+01
8.778125e+01
8.764880e+01
8.751645e+01
8.738420e+01
8.725205e+01
8.712000e+01
8.698805e+01
8.685620e+01
8.672445e+01
8.659280e+01
8.646125e+01
8.632980e+01
8.619845e+01
8.606720e+01
8.593605e+01
8.580500e+01
8.567405e+01
8.554320e+01
8.541245e+01
8.528180e+01
8.515125e+01
8.502080e+01
8.489045e+01
8.476020e+01
8.463005e+01
8.450000e+01
8.437005e+01
8.424020e+01
8.411045e+01
8.398080e+01
8.385125e+01
8.372180e+01
8.359245e+01
8.346320e+01
8.333405e+01
8.320500e+01
8.307605e+01
8.294720e+01
8.281845e+01
8.268980e+01
8.256125e+01
8.243280e+01
8.230445e+01
8.217620e+01
8.204805e+01
8.192000e+01
8.179205e+01
8.166420e+01
8.153645e+01
8.140880e+01
8.128125e+01
8.115380e+01
8.102645e+01
8.089920e+01
8.077205e+01
8.064500e+01
8.051805e+01
8.039120e+01
8.026445e+01
8.013780e+01
8.001125e+01
7.988480e+01
7.975845e+01
7.963220e+01
7.950605e+01
7.938000e+01
7.925405e+01
7.912820e+01
7.900245e+01
7.887680e+01
7.875125e+01
7.862580e+01
7.850045e+01
7.837520e+01
7.825005e+01
7.812500e+01
7.800005e+01
7.787520e+01
7.775045e+01
7.762580e+01
7.750125e+01
7.737680e+01
7.725245e+01
7.712820e+01
7.700405e+01
7.688000e+01
7.675605e+01
7.663220e+01
7.650845e+01
7.638480e+01
7.626125e+01
7.613780e+01
7.601445e+01
7.589120e+01
7.576805e+01
7.564500e+01
7.552205e+01
7.539920e+01
7.527645e+01
7.515380e+01
7.503125e+01
7.490880e+01
7.478645e+01
7.466420e+01
7.454205e+01
7.442000e+01
7.429805e+01
7.417620e+01
7.405445e+01
7.393280e+01
7.381125e+01
7.368980e+01
7.356845e+01
7.344720e+01
7.332605e+01
7.320500e+01
7.308405e+01
7.296320e+01
7.284245e+01
7.272180e+01
7.260125e+01
7.248080e+01
7.236045e+01
7.224020e+01
7.212005e+01
7.200000e+01
7.188005e+01
7.176020e+01
7.164045e+01
7.152080e+01
7.140125e+01
7.128180e+01
7.116245e+01
7.104320e+01
7.092405e+01
7.080500e+01
7.068605e+01
7.056720e+01
7.044845e+01
7.032980e+01
7.021125e+01
7.009280e+01
6.997445e+01
6.985620e+01
6.973805e+01
6.962000e+01
6.950205e+01
6.938420e+01
6.926645e+01
6.914880e+01
6.903125e+01
6.891380e+01
6.879645e+01
6.867920e+01
6.856205e+01
6.844500e+01
6.832805e+01
6.821120e+01
6.809445e+01
6.797780e+01
6.786125e+01
6.774480e+01
6.762845e+01
6.751220e+01
6.739605e+01
6.728000e+01
6.716405e+01
6.704820e+01
6.693245e+01
6.681680e+01
6.670125e+01
6.658580e+01
6.647045e+01
6.635520e+01
6.624005e+01
6.612500e+01
6.601005e+01
6.589520e+01
6.578045e+01
6.566580e+01
6.555125e+01
6.543680e+01
6.532245e+01
6.520820e+01
6.509405e+01
6.498000e+01
6.486605e+01
6.475220e+01
6.463845e+01
6.452480e+01
6.441125e+01
6.429780e+01
6.418445e+01
6.407120e+01
6.395805e+01
6.384500e+01
6.373205e+01
6.361920e+01
6.350645e+01
6.339380e+01
6.328125e+01
6.316880e+01
6.305645e+01
6.294420e+01
6.283205e+01
6.272000e+01
6.260805e+01
6.249620e+01
6.238445e+01
6.227280e+01
6.216125e+01
6.204980e+01
6.193845e+01
6.182720e+01
6.171605e+01
6.160500e+01
6.149405e+01
6.138320e+01
6.127245e+01
6.116180e+01
6.105125e+01
6.094080e+01
6.083045e+01
6.072020e+01
6.061005e+01
6.050000e+01
6.039005e+01
6.028020e+01
6.017045e+01
6.006080e+01
5.995125e+01
5.984180e+01
5.973245e+01
5.962320e+01
5.951405e+01
5.940500e+01
5.929605e+01
5.918720e+01
5.907845e+01
5.896980e+01
5.886125e+01
5.875280e+01
5.864445e+01
5.853620e+01
5.842805e+01
5.832000e+01
5.821205e+01
5.810420e+01
5.799645e+01
5.788880e+01
5.778125e+01
5.767380e+01
5.756645e+01
5.745920e+01
5.735205e+01
5.724500e+01
5.713805e+01
5.703120e+01
5.692445e+01
5.681780e+01
5.671125e+01
5.660480e+01
5.649845e+01
5.639220e+01
5.628605e+01
5.618000e+01
5.607405e+01
5.596820e+01
5.586245e+01
5.575680e+01
5.565125e+01
5.554580e+01
5.544045e+01
5.533520e+01
5.523005e+01
5.512500e+01
5.502005e+01
5.491520e+01
5.481045e+01
5.470580e+01
5.460125e+01
5.449680e+01
5.439245e+01
5.428820e+01
5.418405e+01
5.408000e+01
5.397605e+01
5.387220e+01
5.376845e+01
5.366480e+01
5.356125e+01
5.345780e+01
5.335445e+01
5.325120e+01
5.314805e+01
5.304500e+01
5.294205e+01
5.283920e+01
5.273645e+01
5.263380e+01
5.253125e+01
5.242880e+01
5.232645e+01
5.222420e+01
5.212205e+01
5.202000e+01
5.191805e+01
5.181620e+01
5.171445e+01
5.161280e+01
5.151125e+01
5.140980e+01
5.130845e+01
5.120720e+01
5.110605e+01
5.100500e+01
5.090405e+01
5.080320e+01
5.070245e+01
5.060180e+01
5.050125e+01
5.040080e+01
5.030045e+01
5.020020e+01
5.010005e+01
5.000000e+01
4.990005e+01
4.980020e+01
4.970045e+01
4.960080e+01
4.950125e+01
4.940180e+01
4.930245e+01
4.920320e+01
4.910405e+01
4.900500e+01
4.890605e+01
4.880720e+01
4.870845e+01
4.860980e+01
4.851125e+01
4.841280e+01
4.831445e+01
4.821620e+01
4.811805e+01
4.802000e+01
4.792205e+01
4.782420e+01
4.772645e+01
4.762880e+01
4.753125e+01
4.743380e+01
4.733645e+01
4.723920e+01
4.714205e+01
4.704500e+01
4.694805e+01
4.685120e+01
4.675445e+01
4.665780e+01
4.656125e+01
4.646480e+01
4.636845e+01
4.627220e+01
4.617605e+01
4.608000e+01
4.598405e+01
4.588820e+01
4.579245e+01
4.569680e+01
4.560125e+01
4.550580e+01
4.541045e+01
4.531520e+01
4.522005e+01
4.512500e+01
4.503005e+01
4.493520e+01
4.484045e+01
4.474580e+01
4.465125e+01
4.455680e+01
4.446245e+01
4.436820e+01
4.427405e+01
4.418000e+01
4.408605e+01
4.399220e+01
4.389845e+01
4.380480e+01
4.371125e+01
4.361780e+01
4.352445e+01
4.343120e+01
4.333805e+01
4.324500e+01
4.315205e+01
4.305920e+01
4.296645e+01
4.287380e+01
4.278125e+01
4.268880e+01
4.259645e+01
4.250420e+01
4.241205e+01
4.232000e+01
4.222805e+01
4.213620e+01
4.204445e+01
4.195280e+01
4.186125e+01
4.176980e+01
4.167845e+01
4.158720e+01
4.149605e+01
4.140500e+01
4.131405e+01
4.122320e+01
4.113245e+01
4.104180e+01
4.095125e+01
4.086080e+01
4.077045e+01
4.068020e+01
4.059005e+01
4.050000e+01
4.041005e+01
4.032020e+01
4.023045e+01
4.014080e+01
4.005125e+01
3.996180e+01
3.987245e+01
3.978320e+01
3.969405e+01
3.960500e+01
3.951605e+01
3.942720e+01
3.933845e+01
3.924980e+01
3.916125e+01
3.907280e+01
3.898445e+01
3.889620e+01
3.880805e+01
3.872000e+01
3.863205e+01
3.854420e+01
3.845645e+01
3.836880e+01
3.828125e+01
3.819380e+01
3.810645e+01
3.801920e+01
3.793205e+01
3.784500e+01
3.775805e+01
3.767120e+01
3.758445e+01
3.749780e+01
3.741125e+01
3.732480e+01
3.723845e+01
3.715220e+01
3.706605e+01
3.698000e+01
3.689405e+01
3.680820e+01
3.672245e+01
3.663680e+01
3.655125e+01
3.646580e+01
3.638045e+01
3.629520e+01
3.621005e+01
3.612500e+01
3.604005e+01
3.595520e+01
3.587045e+01
3.578580e+01
3.570125e+01
3.561680e+01
3.553245e+01
3.544820e+01
3.536405e+01
3.528000e+01
3.519605e+01
3.511220e+01
3.502845e+01
3.494480e+01
3.486125e+01
3.477780e+01
3.469445e+01
3.461120e+01
3.452805e+01
3.444500e+01
3.436205e+01
3.427920e+01
3.419645e+01
3.411380e+01
3.403125e+01
3.394880e+01
3.386645e+01
3.378420e+01
3.370205e+01
3.362000e+01
3.353805e+01
3.345620e+01
3.337445e+01
3.329280e+01
3.321125e+01
3.312980e+01
3.304845e+01
3.296720e+01
3.288605e+01
3.280500e+01
3.272405e+01
3.264320e+01
3.256245e+01
3.248180e+01
3.240125e+01
3.232080e+01
3.224045e+01
3.216020e+01
3.208005e+01
3.200000e+01
3.192005e+01
3.184020e+01
3.176045e+01
3.168080e+01
3.160125e+01
3.152180e+01
3.144245e+01
3.136320e+01
3.128405e+01
3.120500e+01
3.112605e+01
3.104720e+01
3.096845e+01
3.088980e+01
3.081125e+01
3.073280e+01
3.065445e+01
3.057620e+01
3.049805e+01
3.042000e+01
3.034205e+01
3.026420e+01
3.018645e+01
3.010880e+01
3.003125e+01
2.995380e+01
2.987645e+01
2.979920e+01
2.972205e+01
2.964500e+01
2.956805e+01
2.949120e+01
2.941445e+01
2.933780e+01
2.926125e+01
2.918480e+01
2.910845e+01
2.903220e+01
2.895605e+01
2.888000e+01
2.880405e+01
2.872820e+01
2.865245e+01
2.857680e+01
2.850125e+01
2.842580e+01
2.835045e+01
2.827520e+01
2.820005e+01
2.812500e+01
2.805005e+01
2.797520e+01
2.790045e+01
2.782580e+01
2.775125e+01
2.767680e+01
2.760245e+01
2.752820e+01
2.745405e+01
2.738000e+01
2.730605e+01
2.723220e+01
2.715845e+01
2.708480e+01
2.701125e+01
2.693780e+01
2.686445e+01
2.679120e+01
2.671805e+01
2.664500e+01
2.657205e+01
2.649920e+01
2.642645e+01
2.635380e+01
2.628125e+01
2.620880e+01
2.613645e+01
2.606420e+01
2.599205e+01
2.592000e+01
2.584805e+01
2.577620e+01
2.570445e+01
2.563280e+01
2.556125e+01
2.548980e+01
2.541845e+01
2.534720e+01
2.527605e+01
2.520500e+01
2.513405e+01
2.506320e+01
2.499245e+01
2.492180e+01
2.485125e+01
2.478080e+01
2.471045e+01
2.464020e+01
2.457005e+01
2.450000e+01
2.443005e+01
2.436020e+01
2.429045e+01
2.422080e+01
2.415125e+01
2.408180e+01
2.401245e+01
2.394320e+01
2.387405e+01
2.380500e+01
2.373605e+01
2.366720e+01
2.359845e+01
2.352980e+01
2.346125e+01
2.339280e+01
2.332445e+01
2.325620e+01
2.318805e+01
2.312000e+01
2.305205e+01
2.298420e+01
2.291645e+01
2.284880e+01
2.278125e+01
2.271380e+01
2.264645e+01
2.257920e+01
2.251205e+01
2.244500e+01
2.237805e+01
2.231120e+01
2.224445e+01
2.217780e+01
2.211125e+01
2.204480e+01
2.197845e+01
2.191220e+01
2.184605e+01
2.178000e+01
2.171405e+01
2.164820e+01
2.158245e+01
2.151680e+01
2.145125e+01
2.138580e+01
2.132045e+01
2.125520e+01
2.119005e+01
2.112500e+01
2.106005e+01
2.099520e+01
2.093045e+01
2.086580e+01
2.080125e+01
2.073680e+01
2.067245e+01
2.060820e+01
2.054405e+01
2.048000e+01
2.041605e+01
2.035220e+01
2.028845e+01
2.022480e+01
2.016125e+01
2.009780e+01
2.003445e+01
1.997120e+01
1.990805e+01
1.984500e+01
1.978205e+01
1.971920e+01
1.965645e+01
1.959380e+01
1.953125e+01
1.946880e+01
1.940645e+01
1.934420e+01
1.928205e+01
1.922000e+01
1.915805e+01
1.909620e+01
1.903445e+01
1.897280e+01
1.891125e+01
1.884980e+01
1.878845e+01
1.872720e+01
1.866605e+01
1.860500e+01
1.854405e+01
1.848320e+01
1.842245e+01
1.836180e+01
1.830125e+01
1.824080e+01
1.818045e+01
1.812020e+01
1.806005e+01
1.800000e+01
1.794005e+01
1.788020e+01
1.782045e+01
1.776080e+01
1.770125e+01
1.764180e+01
1.758245e+01
1.752320e+01
1.746405e+01
1.740500e+01
1.734605e+01
1.728720e+01
1.722845e+01
1.716980e+01
1.711125e+01
1.705280e+01
1.699445e+01
1.693620e+01
1.687805e+01
1.682000e+01
1.676205e+01
1.670420e+01
1.664645e+01
1.658880e+01
1.653125e+01
1.647380e+01
1.641645e+01
1.635920e+01
1.630205e+01
1.624500e+01
1.618805e+01
1.613120e+01
1.607445e+01
1.601780e+01
1.596125e+01
1.590480e+01
1.584845e+01
1.579220e+01
1.573605e+01
1.568000e+01
1.562405e+01
1.556820e+01
1.551245e+01
1.545680e+01
1.540125e+01
1.534580e+01
1.529045e+01
1.523520e+01
1.518005e+01
1.512500e+01
1.507005e+01
1.501520e+01
1.496045e+01
1.490580e+01
1.485125e+01
1.479680e+01
1.474245e+01
1.468820e+01
1.463405e+01
1.458000e+01
1.452605e+01
1.447220e+01
1.441845e+01
1.436480e+01
1.431125e+01
1.425780e+01
1.420445e+01
1.415120e+01
1.409805e+01
1.404500e+01
1.399205e+01
1.393920e+01
1.388645e+01
1.383380e+01
1.378125e+01
1.372880e+01
1.367645e+01
1.362420e+01
1.357205e+01
1.352000e+01
1.346805e+01
1.341620e+01
1.336445e+01
1.331280e+01
1.326125e+01
1.320980e+01
1.315845e+01
1.310720e+01
1.305605e+01
1.300500e+01
1.295405e+01
1.290320e+01
1.285245e+01
1.280180e+01
1.275125e+01
1.270080e+01
1.265045e+01
1.260020e+01
1.255005e+01
1.250000e+01
1.245005e+01
1.240020e+01
1.235045e+01
1.230080e+01
1.225125e+01
1.220180e+01
1.215245e+01
1.210320e+01
1.205405e+01
1.200500e+01
1.195605e+01
1.190720e+01
1.185845e+01
1.180980e+01
1.176125e+01
1.171280e+01
1.166445e+01
1.161620e+01
1.156805e+01
1.152000e+01
1.147205e+01
1.142420e+01
1.137645e+01
1.132880e+01
1.128125e+01
1.123380e+01
1.118645e+01
1.113920e+01
1.109205e+01
1.104500e+01
1.099805e+01
1.095120e+01
1.090445e+01
1.085780e+01
1.081125e+01
1.076480e+01
1.071845e+01
1.067220e+01
1.062605e+01
1.058000e+01
1.053405e+01
1.048820e+01
1.044245e+01
1.039680e+01
1.035125e+01
1.030580e+01
1.026045e+01
1.021520e+01
1.017005e+01
1.012500e+01
1.008005e+01
1.003520e+01
9.990450e+00
9.945800e+00
9.901250e+00
9.856800e+00
9.812450e+00
9.768200e+00
9.724050e+00
9.680000e+00
9.636050e+00
9.592200e+00
9.548450e+00
9.504800e+00
9.461250e+00
9.417800e+00
9.374450e+00
9.331200e+00
9.288050e+00
9.245000e+00
9.202050e+00
9.159200e+00
9.116450e+00
9.073800e+00
9.031250e+00
8.988800e+00
8.946450e+00
8.904200e+00
8.862050e+00
8.820000e+00
8.778050e+00
8.736200e+00
8.694450e+00
8.652800e+00
8.611250e+00
8.569800e+00
8.528450e+00
8.487200e+00
8.446050e+00
8.405000e+00
8.364050e+00
8.323200e+00
8.282450e+00
8.241800e+00
8.201250e+00
8.160800e+00
8.120450e+00
8.080200e+00
8.040050e+00
8.000000e+00
7.960050e+00
7.920200e+00
7.880450e+00
7.840800e+00
7.801250e+00
7.761800e+00
7.722450e+00
7.683200e+00
7.644050e+00
7.605000e+00
7.566050e+00
7.527200e+00
7.488450e+00
7.449800e+00
7.411250e+00
7.372800e+00
7.334450e+00
7.296200e+00
7.258050e+00
7.220000e+00
7.182050e+00
7.144200e+00
7.106450e+00
7.068800e+00
7.031250e+00
6.993800e+00
6.956450e+00
6.919200e+00
6.882050e+00
6.845000e+00
6.808050e+00
6.771200e+00
6.734450e+00
6.697800e+00
6.661250e+00
6.624800e+00
6.588450e+00
6.552200e+00
6.516050e+00
6.480000e+00
6.444050e+00
6.408200e+00
6.372450e+00
6.336800e+00
6.301250e+00
6.265800e+00
6.230450e+00
6.195200e+00
6.160050e+00
6.125000e+00
6.090050e+00
6.055200e+00
6.020450e+00
5.985800e+00
5.951250e+00
5.916800e+00
5.882450e+00
5.848200e+00
5.814050e+00
5.780000e+00
5.746050e+00
5.712200e+00
5.678450e+00
5.644800e+00
5.611250e+00
5.577800e+00
5.544450e+00
5.511200e+00
5.478050e+00
5.445000e+00
5.412050e+00
5.379200e+00
5.346450e+00
5.313800e+00
5.281250e+00
5.248800e+00
5.216450e+00
5.184200e+00
5.152050e+00
5.120000e+00
5.088050e+00
5.056200e+00
5.024450e+00
4.992800e+00
4.961250e+00
4.929800e+00
4.898450e+00
4.867200e+00
4.836050e+00
4.805000e+00
4.774050e+00
4.743200e+00
4.712450e+00
4.681800e+00
4.651250e+00
4.620800e+00
4.590450e+00
4.560200e+00
4.530050e+00
4.500000e+00
4.470050e+00
4.440200e+00
4.410450e+00
4.380800e+00
4.351250e+00
4.321800e+00
4.292450e+00
4.263200e+00
4.234050e+00
4.205000e+00
4.176050e+00
4.147200e+00
4.118450e+00
4.089800e+00
4.061250e+00
4.032800e+00
4.004450e+00
3.976200e+00
3.948050e+00
3.920000e+00
3.892050e+00
3.864200e+00
3.836450e+00
3.808800e+00
3.781250e+00
3.753800e+00
3.726450e+00
3.699200e+00
3.672050e+00
3.645000e+00
3.618050e+00
3.591200e+00
3.564450e+00
3.537800e+00
3.511250e+00
3.484800e+00
3.458450e+00
3.432200e+00
3.406050e+00
3.380000e+00
3.354050e+00
3.328200e+00
3.302450e+00
3.276800e+00
3.251250e+00
3.225800e+00
3.200450e+00
3.175200e+00
3.150050e+00
3.125000e+00
3.100050e+00
3.075200e+00
3.050450e+00
3.025800e+00
3.001250e+00
2.976800e+00
2.952450e+00
2.928200e+00
2.904050e+00
2.880000e+00
2.856050e+00
2.832200e+00
2.808450e+00
2.784800e+00
2.761250e+00
2.737800e+00
2.714450e+00
2.691200e+00
2.668050e+00
2.645000e+00
2.622050e+00
2.599200e+00
2.576450e+00
2.553800e+00
2.531250e+00
2.508800e+00
2.486450e+00
2.464200e+00
2.442050e+00
2.420000e+00
2.398050e+00
2.376200e+00
2.354450e+00
2.332800e+00
2.311250e+00
2.289800e+00
2.268450e+00
2.247200e+00
2.226050e+00
2.205000e+00
2.184050e+00
2.163200e+00
2.142450e+00
2.121800e+00
2.101250e+00
2.080800e+00
2.060450e+00
2.040200e+00
2.020050e+00
2.000000e+00
1.980050e+00
1.960200e+00
1.940450e+00
1.920800e+00
1.901250e+00
1.881800e+00
1.862450e+00
1.843200e+00
1.824050e+00
1.805000e+00
1.786050e+00
1.767200e+00
1.748450e+00
1.729800e+00
1.711250e+00
1.692800e+00
1.674450e+00
1.656200e+00
1.638050e+00
1.620000e+00
1.602050e+00
1.584200e+00
1.566450e+00
1.548800e+00
1.531250e+00
1.513800e+00
1.496450e+00
1.479200e+00
1.462050e+00
1.445000e+00
1.428050e+00
1.411200e+00
1.394450e+00
1.377800e+00
1.361250e+00
1.344800e+00
1.328450e+00
1.312200e+00
1.296050e+00
1.280000e+00
1.264050e+00
1.248200e+00
1.232450e+00
1.216800e+00
1.201250e+00
1.185800e+00
1.170450e+00
1.155200e+00
1.140050e+00
1.125000e+00
1.110050e+00
1.095200e+00
1.080450e+00
1.065800e+00
1.051250e+00
1.036800e+00
1.022450e+00
1.008200e+00
9.940500e-01
9.800000e-01
9.660500e-01
9.522000e-01
9.384500e-01
9.248000e-01
9.112500e-01
8.978000e-01
8.844500e-01
8.712000e-01
8.580500e-01
8.450000e-01
8.320500e-01
8.192000e-01
8.064500e-01
7.938000e-01
7.812500e-01
7.688000e-01
7.564500e-01
7.442000e-01
7.320500e-01
7.200000e-01
7.080500e-01
6.962000e-01
6.844500e-01
6.728000e-01
6.612500e-01
6.498000e-01
6.384500e-01
6.272000e-01
6.160500e-01
6.050000e-01
5.940500e-01
5.832000e-01
5.724500e-01
5.618000e-01
5.512500e-01
5.408000e-01
5.304500e-01
5.202000e-01
5.100500e-01
5.000000e-01
4.900500e-01
4.802000e-01
4.704500e-01
4.608000e-01
4.512500e-01
4.418000e-01
4.324500e-01
4.232000e-01
4.140500e-01
4.050000e-01
3.960500e-01
3.872000e-01
3.784500e-01
3.698000e-01
3.612500e-01
3.528000e-01
3.444500e-01
3.362000e-01
3.280500e-01
3.200000e-01
3.120500e-01
3.042000e-01
2.964500e-01
2.888000e-01
2.812500e-01
2.738000e-01
2.664500e-01
2.592000e-01
2.520500e-01
2.450000e-01
2.380500e-01
2.312000e-01
2.244500e-01
2.178000e-01
2.112500e-01
2.048000e-01
1.984500e-01
1.922000e-01
1.860500e-01
1.800000e-01
1.740500e-01
1.682000e-01
1.624500e-01
1.568000e-01
1.512500e-01
1.458000e-01
1.404500e-01
1.352000e-01
1.300500e-01
1.250000e-01
1.200500e-01
1.152000e-01
1.104500e-01
1.058000e-01
1.012500e-01
9.680000e-02
9.245000e-02
8.820000e-02
8.405000e-02
8.000000e-02
7.605000e-02
7.220000e-02
6.845000e-02
6.480000e-02
6.125000e-02
5.780000e-02
5.445000e-02
5.120000e-02
4.805000e-02
4.500000e-02
4.205000e-02
3.920000e-02
3.645000e-02
3.380000e-02
3.125000e-02
2.880000e-02
2.645000e-02
2.420000e-02
2.205000e-02
2.000000e-02
1.805000e-02
1.620000e-02
1.445000e-02
1.280000e-02
1.125000e-02
9.800000e-03
8.450000e-03
7.200000e-03
6.050000e-03
5.000000e-03
4.050000e-03
3.200000e-03
2.450000e-03
1.800000e-03
1.250000e-03
8.000000e-04
4.500000e-04
2.000000e-04
5.000000e-05
0.000000e+00
5.000000e-05
2.000000e-04
4.500000e-04
8.000000e-04
1.250000e-03
1.800000e-03
2.450000e-03
3.200000e-03
4.050000e-03
5.000000e-03
6.050000e-03
7.200000e-03
8.450000e-03
9.800000e-03
1.125000e-02
1.280000e-02
1.445000e-02
1.620000e-02
1.805000e-02
2.000000e-02
2.205000e-02
2.420000e-02
2.645000e-02
2.880000e-02
3.125000e-02
3.380000e-02
3.645000e-02
3.920000e-02
4.205000e-02
4.500000e-02
4.805000e-02
5.120000e-02
5.445000e-02
5.780000e-02
6.125000e-02
6.480000e-02
6.845000e-02
7.220000e-02
7.605000e-02
8.000000e-02
8.405000e-02
8.820000e-02
9.245000e-02
9.680000e-02
1.012500e-01
1.058000e-01
1.104500e-01
1.152000e-01
1.200500e-01
1.250000e-01
1.300500e-01
1.352000e-01
1.404500e-01
1.458000e-01
1.512500e-01
1.568000e-01
1.624500e-01
1.682000e-01
1.740500e-01
1.800000e-01
1.860500e-01
1.922000e-01
1.984500e-01
2.048000e-01
2.112500e-01
2.178000e-01
2.244500e-01
2.312000e-01
2.380500e-01
2.450000e-01
2.520500e-01
2.592000e-01
2.664500e-01
2.738000e-01
2.812500e-01
2.888000e-01
2.964500e-01
3.042000e-01
3.120500e-01
3.200000e-01
3.280500e-01
3.362000e-01
3.444500e-01
3.528000e-01
3.612500e-01
3.698000e-01
3.784500e-01
3.872000e-01
3.960500e-01
4.050000e-01
4.140500e-01
4.232000e-01
4.324500e-01
4.418000e-01
4.512500e-01
4.608000e-01
4.704500e-01
4.802000e-01
4.900500e-01
5.000000e-01
5.100500e-01
5.202000e-01
5.304500e-01
5.408000e-01
5.512500e-01
5.618000e-01
5.724500e-01
5.832000e-01
5.940500e-01
6.050000e-01
6.160500e-01
6.272000e-01
6.384500e-01
6.498000e-01
6.612500e-01
6.728000e-01
6.844500e-01
6.962000e-01
7.080500e-01
7.200000e-01
7.320500e-01
7.442000e-01
7.564500e-01
7.688000e-01
7.812500e-01
7.938000e-01
8.064500e-01
8.192000e-01
8.320500e-01
8.450000e-01
8.580500e-01
8.712000e-01
8.844500e-01
8.978000e-01
9.112500e-01
9.248000e-01
9.384500e-01
9.522000e-01
9.660500e-01
9.800000e-01
9.940500e-01
1.008200e+00
1.022450e+00
1.036800e+00
1.051250e+00
1.065800e+00
1.080450e+00
1.095200e+00
1.110050e+00
1.125000e+00
1.140050e+00
1.155200e+00
1.170450e+00
1.185800e+00
1.201250e+00
1.216800e+00
1.232450e+00
1.248200e+00
1.264050e+00
1.280000e+00
1.296050e+00
1.312200e+00
1.328450e+00
1.344800e+00
1.361250e+00
1.377800e+00
1.394450e+00
1.411200e+00
1.428050e+00
1.445000e+00
1.462050e+00
1.479200e+00
1.496450e+00
1.513800e+00
1.531250e+00
1.548800e+00
1.566450e+00
1.584200e+00
1.602050e+00
1.620000e+00
1.638050e+00
1.656200e+00
1.674450e+00
1.692800e+00
1.711250e+00
1.729800e+00
1.748450e+00
1.767200e+00
1.786050e+00
1.805000e+00
1.824050e+00
1.843200e+00
1.862450e+00
1.881800e+00
1.901250e+00
1.920800e+00
1.940450e+00
1.960200e+00
1.980050e+00
2.000000e+00
2.020050e+00
2.040200e+00
2.060450e+00
2.080800e+00
2.101250e+00
2.121800e+00
2.142450e+00
2.163200e+00
2.184050e+00
2.205000e+00
2.226050e+00
2.247200e+00
2.268450e+00
2.289800e+00
2.311250e+00
2.332800e+00
2.354450e+00
2.376200e+00
2.398050e+00
2.420000e+00
2.442050e+00
2.464200e+00
2.486450e+00
2.508800e+00
2.531250e+00
2.553800e+00
2.576450e+00
2.599200e+00
2.622050e+00
2.645000e+00
2.668050e+00
2.691200e+00
2.714450e+00
2.737800e+00
2.761250e+00
2.784800e+00
2.808450e+00
2.832200e+00
2.856050e+00
2.880000e+00
2.904050e+00
2.928200e+00
2.952450e+00
2.976800e+00
3.001250e+00
3.025800e+00
3.050450e+00
3.075200e+00
3.100050e+00
3.125000e+00
3.150050e+00
3.175200e+00
3.200450e+00
3.225800e+00
3.251250e+00
3.276800e+00
3.302450e+00
3.328200e+00
3.354050e+00
3.380000e+00
3.406050e+00
3.432200e+00
3.458450e+00
3.484800e+00
3.511250e+00
3.537800e+00
3.564450e+00
3.591200e+00
3.618050e+00
3.645000e+00
3.672050e+00
3.699200e+00
3.726450e+00
3.753800e+00
3.781250e+00
3.808800e+00
3.836450e+00
3.864200e+00
3.892050e+00
3.920000e+00
3.948050e+00
3.976200e+00
4.004450e+00
4.032800e+00
4.061250e+00
4.089800e+00
4.118450e+00
4.147200e+00
4.176050e+00
4.205000e+00
4.234050e+00
4.263200e+00
4.292450e+00
4.321800e+00
4.351250e+00
4.380800e+00
4.410450e+00
4.440200e+00
4.470050e+00
4.500000e+00
4.530050e+00
4.560200e+00
4.590450e+00
4.620800e+00
4.651250e+00
4.681800e+00
4.712450e+00
4.743200e+00
4.774050e+00
4.805000e+00
4.836050e+00
4.867200e+00
4.898450e+00
4.929800e+00
4.961250e+00
4.992800e+00
5.024450e+00
5.056200e+00
5.088050e+00
5.120000e+00
5.152050e+00
5.184200e+00
5.216450e+00
5.248800e+00
5.281250e+00
5.313800e+00
5.346450e+00
5.379200e+00
5.412050e+00
5.445000e+00
5.478050e+00
5.511200e+00
5.544450e+00
5.577800e+00
5.611250e+00
5.644800e+00
5.678450e+00
5.712200e+00
5.746050e+00
5.780000e+00
5.814050e+00
5.848200e+00
5.882450e+00
5.916800e+00
5.951250e+00
5.985800e+00
6.020450e+00
6.055200e+00
6.090050e+00
6.125000e+00
6.160050e+00
6.195200e+00
6.230450e+00
6.265800e+00
6.301250e+00
6.336800e+00
6.372450e+00
6.408200e+00
6.444050e+00
6.480000e+00
6.516050e+00
6.552200e+00
6.588450e+00
6.624800e+00
6.661250e+00
6.697800e+00
6.734450e+00
6.771200e+00
6.808050e+00
6.845000e+00
6.882050e+00
6.919200e+00
6.956450e+00
6.993800e+00
7.031250e+00
7.068800e+00
7.106450e+00
7.144200e+00
7.182050e+00
7.220000e+00
7.258050e+00
7.296200e+00
7.334450e+00
7.372800e+00
7.411250e+00
7.449800e+00
7.488450e+00
7.527200e+00
7.566050e+00
7.605000e+00
7.644050e+00
7.683200e+00
7.722450e+00
7.761800e+00
7.801250e+00
7.840800e+00
7.880450e+00
7.920200e+00
7.960050e+00
8.000000e+00
8.040050e+00
8.080200e+00
8.120450e+00
8.160800e+00
8.201250e+00
8.241800e+00
8.282450e+00
8.323200e+00
8.364050e+00
8.405000e+00
8.446050e+00
8.487200e+00
8.528450e+00
8.569800e+00
8.611250e+00
8.652800e+00
8.694450e+00
8.736200e+00
8.778050e+00
8.820000e+00
8.862050e+00
8.904200e+00
8.946450e+00
8.988800e+00
9.031250e+00
9.073800e+00
9.116450e+00
9.159200e+00
9.202050e+00
9.245000e+00
9.288050e+00
9.331200e+00
9.374450e+00
9.417800e+00
9.461250e+00
9.504800e+00
9.548450e+00
9.592200e+00
9.636050e+00
9.680000e+00
9.724050e+00
9.768200e+00
9.812450e+00
9.856800e+00
9.901250e+00
9.945800e+00
9.990450e+00
1.003520e+01
1.008005e+01
1.012500e+01
1.017005e+01
1.021520e+01
1.026045e+01
1.030580e+01
1.035125e+01
1.039680e+01
1.044245e+01
1.048820e+01
1.053405e+01
1.058000e+01
1.062605e+01
1.067220e+01
1.071845e+01
1.076480e+01
1.081125e+01
1.085780e+01
1.090445e+01
1.095120e+01
1.099805e+01
1.104500e+01
1.109205e+01
1.113920e+01
1.118645e+01
1.123380e+01
1.128125e+01
1.132880e+01
1.137645e+01
1.142420e+01
1.147205e+01
1.152000e+01
1.156805e+01
1.161620e+01
1.166445e+01
1.171280e+01
1.176125e+01
1.180980e+01
1.185845e+01
1.190720e+01
1.195605e+01
1.200500e+01
1.205405e+01
1.210320e+01
1.215245e+01
1.220180e+01
1.225125e+01
1.230080e+01
1.235045e+01
1.240020e+01
1.245005e+01
1.250000e+01
1.255005e+01
1.260020e+01
1.265045e+01
1.270080e+01
1.275125e+01
1.280180e+01
1.285245e+01
1.290320e+01
1.295405e+01
1.300500e+01
1.305605e+01
1.310720e+01
1.315845e+01
1.320980e+01
1.326125e+01
1.331280e+01
1.336445e+01
1.341620e+01
1.346805e+01
1.352000e+01
1.357205e+01
1.362420e+01
1.367645e+01
1.372880e+01
1.378125e+01
1.383380e+01
1.388645e+01
1.393920e+01
1.399205e+01
1.404500e+01
1.409805e+01
1.415120e+01
1.420445e+01
1.425780e+01
1.431125e+01
1.436480e+01
1.441845e+01
1.447220e+01
1.452605e+01
1.458000e+01
1.463405e+01
1.468820e+01
1.474245e+01
1.479680e+01
1.485125e+01
1.490580e+01
1.496045e+01
1.501520e+01
1.507005e+01
1.512500e+01
1.518005e+01
1.523520e+01
1.529045e+01
1.534580e+01
1.540125e+01
1.545680e+01
1.551245e+01
1.556820e+01
1.562405e+01
1.568000e+01
1.573605e+01
1.579220e+01
1.584845e+01
1.590480e+01
1.596125e+01
1.601780e+01
1.607445e+01
1.613120e+01
1.618805e+01
1.624500e+01
1.630205e+01
1.635920e+01
1.641645e+01
1.647380e+01
1.653125e+01
1.658880e+01
1.664645e+01
1.670420e+01
1.676205e+01
1.682000e+01
1.687805e+01
1.693620e+01
1.699445e+01
1.705280e+01
1.711125e+01
1.716980e+01
1.722845e+01
1.728720e+01
1.734605e+01
1.740500e+01
1.746405e+01
1.752320e+01
1.758245e+01
1.764180e+01
1.770125e+01
1.776080e+01
1.782045e+01
1.788020e+01
1.794005e+01
1.800000e+01
1.806005e+01
1.812020e+01
1.818045e+01
1.824080e+01
1.830125e+01
1.836180e+01
1.842245e+01
1.848320e+01
1.854405e+01
1.860500e+01
1.866605e+01
1.872720e+01
1.878845e+01
1.884980e+01
1.891125e+01
1.897280e+01
1.903445e+01
1.909620e+01
1.915805e+01
1.922000e+01
1.928205e+01
1.934420e+01
1.940645e+01
1.946880e+01
1.953125e+01
1.959380e+01
1.965645e+01
1.971920e+01
1.978205e+01
1.984500e+01
1.990805e+01
1.997120e+01
2.003445e+01
2.009780e+01
2.016125e+01
2.022480e+01
2.028845e+01
2.035220e+01
2.041605e+01
2.048000e+01
2.054405e+01
2.060820e+01
2.067245e+01
2.073680e+01
2.080125e+01
2.086580e+01
2.093045e+01
2.099520e+01
2.106005e+01
2.112500e+01
2.119005e+01
2.125520e+01
2.132045e+01
2.138580e+01
2.145125e+01
2.151680e+01
2.158245e+01
2.164820e+01
2.171405e+01
2.178000e+01
2.184605e+01
2.191220e+01
2.197845e+01
2.204480e+01
2.211125e+01
2.217780e+01
2.224445e+01
2.231120e+01
2.237805e+01
2.244500e+01
2.251205e+01
2.257920e+01
2.264645e+01
2.271380e+01
2.278125e+01
2.284880e+01
2.291645e+01
2.298420e+01
2.305205e+01
2.312000e+01
2.318805e+01
2.325620e+01
2.332445e+01
2.339280e+01
2.346125e+01
2.352980e+01
2.359845e+01
2.366720e+01
2.373605e+01
2.380500e+01
2.387405e+01
2.394320e+01
2.401245e+01
2.408180e+01
2.415125e+01
2.422080e+01
2.429045e+01
2.436020e+01
2.443005e+01
2.450000e+01
2.457005e+01
2.464020e+01
2.471045e+01
2.478080e+01
2.485125e+01
2.492180e+01
2.499245e+01
2.506320e+01
2.513405e+01
2.520500e+01
2.527605e+01
2.534720e+01
2.541845e+01
2.548980e+01
2.556125e+01
2.563280e+01
2.570445e+01
2.577620e+01
2.584805e+01
2.592000e+01
2.599205e+01
2.606420e+01
2.613645e+01
2.620880e+01
2.628125e+01
2.635380e+01
2.642645e+01
2.649920e+01
2.657205e+01
2.664500e+01
2.671805e+01
2.679120e+01
2.686445e+01
2.693780e+01
2.701125e+01
2.708480e+01
2.715845e+01
2.723220e+01
2.730605e+01
2.738000e+01
2.745405e+01
2.752820e+01
2.760245e+01
2.767680e+01
2.775125e+01
2.782580e+01
2.790045e+01
2.797520e+01
2.805005e+01
2.812500e+01
2.820005e+01
2.827520e+01
2.835045e+01
2.842580e+01
2.850125e+01
2.857680e+01
2.865245e+01
2.872820e+01
2.880405e+01
2.888000e+01
2.895605e+01
2.903220e+01
2.910845e+01
2.918480e+01
2.926125e+01
2.933780e+01
2.941445e+01
2.949120e+01
2.956805e+01
2.964500e+01
2.972205e+01
2.979920e+01
2.987645e+01
2.995380e+01
3.003125e+01
3.010880e+01
3.018645e+01
3.026420e+01
3.034205e+01
3.042000e+01
3.049805e+01
3.057620e+01
3.065445e+01
3.073280e+01
3.081125e+01
3.088980e+01
3.096845e+01
3.104720e+01
3.112605e+01
3.120500e+01
3.128405e+01
3.136320e+01
3.144245e+01
3.152180e+01
3.160125e+01
3.168080e+01
3.176045e+01
3.184020e+01
3.192005e+01
3.200000e+01
3.208005e+01
3.216020e+01
3.224045e+01
3.232080e+01
3.240125e+01
3.248180e+01
3.256245e+01
3.264320e+01
3.272405e+01
3.280500e+01
3.288605e+01
3.296720e+01
3.304845e+01
3.312980e+01
3.321125e+01
3.329280e+01
3.337445e+01
3.345620e+01
3.353805e+01
3.362000e+01
3.370205e+01
3.378420e+01
3.386645e+01
3.394880e+01
3.403125e+01
3.411380e+01
3.419645e+01
3.427920e+01
3.436205e+01
3.444500e+01
3.452805e+01
3.461120e+01
3.469445e+01
3.477780e+01
3.486125e+01
3.494480e+01
3.502845e+01
3.511220e+01
3.519605e+01
3.528000e+01
3.536405e+01
3.544820e+01
3.553245e+01
3.561680e+01
3.570125e+01
3.578580e+01
3.587045e+01
3.595520e+01
3.604005e+01
3.612500e+01
3.621005e+01
3.629520e+01
3.638045e+01
3.646580e+01
3.655125e+01
3.663680e+01
3.672245e+01
3.680820e+01
3.689405e+01
3.698000e+01
3.706605e+01
3.715220e+01
3.723845e+01
3.732480e+01
3.741125e+01
3.749780e+01
3.758445e+01
3.767120e+01
3.775805e+01
3.784500e+01
3.793205e+01
3.801920e+01
3.810645e+01
3.819380e+01
3.828125e+01
3.836880e+01
3.845645e+01
3.854420e+01
3.863205e+01
3.872000e+01
3.880805e+01
3.889620e+01
3.898445e+01
3.907280e+01
3.916125e+01
3.924980e+01
3.933845e+01
3.942720e+01
3.951605e+01
3.960500e+01
3.969405e+01
3.978320e+01
3.987245e+01
3.996180e+01
4.005125e+01
4.014080e+01
4.023045e+01
4.032020e+01
4.041005e+01
4.050000e+01
4.059005e+01
4.068020e+01
4.077045e+01
4.086080e+01
4.095125e+01
4.104180e+01
4.113245e+01
4.122320e+01
4.131405e+01
4.140500e+01
4.149605e+01
4.158720e+01
4.167845e+01
4.176980e+01
4.186125e+01
4.195280e+01
4.204445e+01
4.213620e+01
4.222805e+01
4.232000e+01
4.241205e+01
4.250420e+01
4.259645e+01
4.268880e+01
4.278125e+01
4.287380e+01
4.296645e+01
4.305920e+01
4.315205e+01
4.324500e+01
4.333805e+01
4.343120e+01
4.352445e+01
4.361780e+01
4.371125e+01
4.380480e+01
4.389845e+01
4.399220e+01
4.408605e+01
4.418000e+01
4.427405e+01
4.436820e+01
4.446245e+01
4.455680e+01
4.465125e+01
4.474580e+01
4.484045e+01
4.493520e+01
4.503005e+01
4.512500e+01
4.522005e+01
4.531520e+01
4.541045e+01
4.550580e+01
4.560125e+01
4.569680e+01
4.579245e+01
4.588820e+01
4.598405e+01
4.608000e+01
4.617605e+01
4.627220e+01
4.636845e+01
4.646480e+01
4.656125e+01
4.665780e+01
4.675445e+01
4.685120e+01
4.694805e+01
4.704500e+01
4.714205e+01
4.723920e+01
4.733645e+01
4.743380e+01
4.753125e+01
4.762880e+01
4.772645e+01
4.782420e+01
4.792205e+01
4.802000e+01
4.811805e+01
4.821620e+01
4.831445e+01
4.841280e+01
4.851125e+01
4.860980e+01
4.870845e+01
4.880720e+01
4.890605e+01
4.900500e+01
4.910405e+01
4.920320e+01
4.930245e+01
4.940180e+01
4.950125e+01
4.960080e+01
4.970045e+01
4.980020e+01
4.990005e+01
5.000000e+01
5.010005e+01
5.020020e+01
5.030045e+01
5.040080e+01
5.050125e+01
5.060180e+01
5.070245e+01
5.080320e+01
5.090405e+01
5.100500e+01
5.110605e+01
5.120720e+01
5.130845e+01
5.140980e+01
5.151125e+01
5.161280e+01
5.171445e+01
5.181620e+01
5.191805e+01
5.202000e+01
5.212205e+01
5.222420e+01
5.232645e+01
5.242880e+01
5.253125e+01
5.263380e+01
5.273645e+01
5.283920e+01
5.294205e+01
5.304500e+01
5.314805e+01
5.325120e+01
5.335445e+01
5.345780e+01
5.356125e+01
5.366480e+01
5.376845e+01
5.387220e+01
5.397605e+01
5.408000e+01
5.418405e+01
5.428820e+01
5.439245e+01
5.449680e+01
5.460125e+01
5.470580e+01
5.481045e+01
5.491520e+01
5.502005e+01
5.512500e+01
5.523005e+01
5.533520e+01
5.544045e+01
5.554580e+01
5.565125e+01
5.575680e+01
5.586245e+01
5.596820e+01
5.607405e+01
5.618000e+01
5.628605e+01
5.639220e+01
5.649845e+01
5.660480e+01
5.671125e+01
5.681780e+01
5.692445e+01
5.703120e+01
5.713805e+01
5.724500e+01
5.735205e+01
5.745920e+01
5.756645e+01
5.767380e+01
5.778125e+01
5.788880e+01
5.799645e+01
5.810420e+01
5.821205e+01
5.832000e+01
5.842805e+01
5.853620e+01
5.864445e+01
5.875280e+01
5.886125e+01
5.896980e+01
5.907845e+01
5.918720e+01
5.929605e+01
5.940500e+01
5.951405e+01
5.962320e+01
5.973245e+01
5.984180e+01
5.995125e+01
6.006080e+01
6.017045e+01
6.028020e+01
6.039005e+01
6.050000e+01
6.061005e+01
6.072020e+01
6.083045e+01
6.094080e+01
6.105125e+01
6.116180e+01
6.127245e+01
6.138320e+01
6.149405e+01
6.160500e+01
6.171605e+01
6.182720e+01
6.193845e+01
6.204980e+01
6.216125e+01
6.227280e+01
6.238445e+01
6.249620e+01
6.260805e+01
6.272000e+01
6.283205e+01
6.294420e+01
6.305645e+01
6.316880e+01
6.328125e+01
6.339380e+01
6.350645e+01
6.361920e+01
6.373205e+01
6.384500e+01
6.395805e+01
6.407120e+01
6.418445e+01
6.429780e+01
6.441125e+01
6.452480e+01
6.463845e+01
6.475220e+01
6.486605e+01
6.498000e+01
6.509405e+01
6.520820e+01
6.532245e+01
6.543680e+01
6.555125e+01
6.566580e+01
6.578045e+01
6.589520e+01
6.601005e+01
6.612500e+01
6.624005e+01
6.635520e+01
6.647045e+01
6.658580e+01
6.670125e+01
6.681680e+01
6.693245e+01
6.704820e+01
6.716405e+01
6.728000e+01
6.739605e+01
6.751220e+01
6.762845e+01
6.774480e+01
6.786125e+01
6.797780e+01
6.809445e+01
6.821120e+01
6.832805e+01
6.844500e+01
6.856205e+01
6.867920e+01
6.879645e+01
6.891380e+01
6.903125e+01
6.914880e+01
6.926645e+01
6.938420e+01
6.950205e+01
6.962000e+01
6.973805e+01
6.985620e+01
6.997445e+01
7.009280e+01
7.021125e+01
7.032980e+01
7.044845e+01
7.056720e+01
7.068605e+01
7.080500e+01
7.092405e+01
7.104320e+01
7.116245e+01
7.128180e+01
7.140125e+01
7.152080e+01
7.164045e+01
7.176020e+01
7.188005e+01
7.200000e+01
7.212005e+01
7.224020e+01
7.236045e+01
7.248080e+01
7.260125e+01
7.272180e+01
7.284245e+01
7.296320e+01
7.308405e+01
7.320500e+01
7.332605e+01
7.344720e+01
7.356845e+01
7.368980e+01
7.381125e+01
7.393280e+01
7.405445e+01
7.417620e+01
7.429805e+01
7.442000e+01
7.454205e+01
7.466420e+01
7.478645e+01
7.490880e+01
7.503125e+01
7.515380e+01
7.527645e+01
7.539920e+01
7.552205e+01
7.564500e+01
7.576805e+01
7.589120e+01
7.601445e+01
7.613780e+01
7.626125e+01
7.638480e+01
7.650845e+01
7.663220e+01
7.675605e+01
7.688000e+01
7.700405e+01
7.712820e+01
7.725245e+01
7.737680e+01
7.750125e+01
7.762580e+01
7.775045e+01
7.787520e+01
7.800005e+01
7.812500e+01
7.825005e+01
7.837520e+01
7.850045e+01
7.862580e+01
7.875125e+01
7.887680e+01
7.900245e+01
7.912820e+01
7.925405e+01
7.938000e+01
7.950605e+01
7.963220e+01
7.975845e+01
7.988480e+01
8.001125e+01
8.013780e+01
8.026445e+01
8.039120e+01
8.051805e+01
8.064500e+01
8.077205e+01
8.089920e+01
8.102645e+01
8.115380e+01
8.128125e+01
8.140880e+01
8.153645e+01
8.166420e+01
8.179205e+01
8.192000e+01
8.204805e+01
8.217620e+01
8.230445e+01
8.243280e+01
8.256125e+01
8.268980e+01
8.281845e+01
8.294720e+01
8.307605e+01
8.320500e+01
8.333405e+01
8.346320e+01
8.359245e+01
8.372180e+01
8.385125e+01
8.398080e+01
8.411045e+01
8.424020e+01
8.437005e+01
8.450000e+01
8.463005e+01
8.476020e+01
8.489045e+01
8.502080e+01
8.515125e+01
8.528180e+01
8.541245e+01
8.554320e+01
8.567405e+01
8.580500e+01
8.593605e+01
8.606720e+01
8.619845e+01
8.632980e+01
8.646125e+01
8.659280e+01
8.672445e+01
8.685620e+01
8.698805e+01
8.712000e+01
8.725205e+01
8.738420e+01
8.751645e+01
8.764880e+01
8.778125e+01
8.791380e+01
8.804645e+01
8.817920e+01
8.831205e+01
8.844500e+01
8.857805e+01
8.871120e+01
8.884445e+01
8.897780e+01
8.911125e+01
8.924480e+01
8.937845e+01
8.951220e+01
8.964605e+01
8.978000e+01
8.991405e+01
9.004820e+01
9.018245e+01
9.031680e+01
9.045125e+01
9.058580e+01
9.072045e+01
9.085520e+01
9.099005e+01
9.112500e+01
9.126005e+01
9.139520e+01
9.153045e+01
9.166580e+01
9.180125e+01
9.193680e+01
9.207245e+01
9.220820e+01
9.234405e+01
9.248000e+01
9.261605e+01
9.275220e+01
9.288845e+01
9.302480e+01
9.316125e+01
9.329780e+01
9.343445e+01
9.357120e+01
9.370805e+01
9.384500e+01
9.398205e+01
9.411920e+01
9.425645e+01
9.439380e+01
9.453125e+01
9.466880e+01
9.480645e+01
9.494420e+01
9.508205e+01
9.522000e+01
9.535805e+01
9.549620e+01
9.563445e+01
9.577280e+01
9.591125e+01
9.604980e+01
9.618845e+01
9.632720e+01
9.646605e+01
9.660500e+01
9.674405e+01
9.688320e+01
9.702245e+01
9.716180e+01
9.730125e+01
9.744080e+01
9.758045e+01
9.772020e+01
9.786005e+01
9.800000e+01
9.814005e+01
9.828020e+01
9.842045e+01
9.856080e+01
9.870125e+01
9.884180e+01
9.898245e+01
9.912320e+01
9.926405e+01
9.940500e+01
9.954605e+01
9.968720e+01
9.982845e+01
9.996980e+01
1.001112e+02
1.002528e+02
1.003945e+02
1.005362e+02
1.006780e+02
1.008200e+02
1.009621e+02
1.011042e+02
1.012465e+02
1.013888e+02
1.015312e+02
1.016738e+02
1.018165e+02
1.019592e+02
1.021021e+02
1.022450e+02
1.023881e+02
1.025312e+02
1.026745e+02
1.028178e+02
1.029613e+02
1.031048e+02
1.032485e+02
1.033922e+02
1.035361e+02
1.036800e+02
1.038240e+02
1.039682e+02
1.041125e+02
1.042568e+02
1.044013e+02
1.045458e+02
1.046904e+02
1.048352e+02
1.049801e+02
1.051250e+02
1.052701e+02
1.054152e+02
1.055605e+02
1.057058e+02
1.058513e+02
1.059968e+02
1.061425e+02
1.062882e+02
1.064340e+02
1.065800e+02
1.067261e+02
1.068722e+02
1.070185e+02
1.071648e+02
1.073113e+02
1.074578e+02
1.076044e+02
1.077512e+02
1.078981e+02
1.080450e+02
1.081921e+02
1.083392e+02
1.084865e+02
1.086338e+02
1.087812e+02
1.089288e+02
1.090765e+02
1.092242e+02
1.093721e+02
1.095200e+02
1.096681e+02
1.098162e+02
1.099644e+02
1.101128e+02
1.102613e+02
1.104098e+02
1.105585e+02
1.107072e+02
1.108561e+02
1.110050e+02
1.111541e+02
1.113032e+02
1.114524e+02
1.116018e+02
1.117512e+02
1.119008e+02
1.120505e+02
1.122002e+02
1.123501e+02
1.125000e+02
1.126501e+02
1.128002e+02
1.129505e+02
1.131008e+02
1.132512e+02
1.134018e+02
1.135525e+02
1.137032e+02
1.138541e+02
1.140050e+02
1.141561e+02
1.143072e+02
1.144584e+02
1.146098e+02
1.147613e+02
1.149128e+02
1.150645e+02
1.152162e+02
1.153681e+02
1.155200e+02
1.156720e+02
1.158242e+02
1.159764e+02
1.161288e+02
1.162812e+02
1.164338e+02
1.165864e+02
1.167392e+02
1.168921e+02
1.170450e+02
1.171981e+02
1.173512e+02
1.175045e+02
1.176578e+02
1.178113e+02
1.179648e+02
1.181185e+02
1.182722e+02
1.184261e+02
1.185800e+02
1.187341e+02
1.188882e+02
1.190425e+02
1.191968e+02
1.193513e+02
1.195058e+02
1.196605e+02
1.198152e+02
1.199701e+02
1.201250e+02
1.202801e+02
1.204352e+02
1.205905e+02
1.207458e+02
1.209013e+02
1.210568e+02
1.212125e+02
1.213682e+02
1.215241e+02
1.216800e+02
1.218361e+02
1.219922e+02
1.221485e+02
1.223048e+02
1.224613e+02
1.226178e+02
1.227745e+02
1.229312e+02
1.230881e+02
1.232450e+02
1.234021e+02
1.235592e+02
1.237165e+02
1.238738e+02
1.240312e+02
1.241888e+02
1.243465e+02
1.245042e+02
1.246621e+02
1.248200e+02
1.249781e+02
1.251362e+02
1.252945e+02
1.254528e+02
1.256113e+02
1.257698e+02
1.259285e+02
1.260872e+02
1.262461e+02
1.264050e+02
1.265641e+02
1.267232e+02
1.268825e+02
1.270418e+02
1.272013e+02
1.273608e+02
1.275205e+02
1.276802e+02
1.278401e+02
1.280000e+02
1.281601e+02
1.283202e+02
1.284805e+02
1.286408e+02
1.288013e+02
1.289618e+02
1.291225e+02
1.292832e+02
1.294441e+02
1.296050e+02
1.297661e+02
1.299272e+02
1.300884e+02
1.302498e+02
1.304112e+02
1.305728e+02
1.307345e+02
1.308962e+02
1.310581e+02
1.312200e+02
1.313820e+02
1.315442e+02
1.317065e+02
1.318688e+02
1.320312e+02
1.321938e+02
1.323564e+02
1.325192e+02
1.326821e+02
1.328450e+02
1.330080e+02
1.331712e+02
1.333345e+02
1.334978e+02
1.336612e+02
1.338248e+02
1.339885e+02
1.341522e+02
1.343161e+02
1.344800e+02
1.346440e+02
1.348082e+02
1.349725e+02
1.351368e+02
1.353013e+02
1.354658e+02
1.356304e+02
1.357952e+02
1.359600e+02
1.361250e+02
1.362901e+02
1.364552e+02
1.366205e+02
1.367858e+02
1.369513e+02
1.371168e+02
1.372825e+02
1.374482e+02
1.376141e+02
1.377800e+02
1.379461e+02
1.381122e+02
1.382785e+02
1.384448e+02
1.386113e+02
1.387778e+02
1.389445e+02
1.391112e+02
1.392781e+02
1.394450e+02
1.396121e+02
1.397792e+02
1.399464e+02
1.401138e+02
1.402812e+02
1.404488e+02
1.406165e+02
1.407842e+02
1.409521e+02
1.411200e+02
1.412880e+02
1.414562e+02
1.416244e+02
1.417928e+02
1.419613e+02
1.421298e+02
1.422985e+02
1.424672e+02
1.426361e+02
1.428050e+02
1.429741e+02
1.431432e+02
1.433125e+02
1.434818e+02
1.436513e+02
1.438208e+02
1.439905e+02
1.441602e+02
1.443300e+02
1.445000e+02
1.446701e+02
1.448402e+02
1.450105e+02
1.451808e+02
1.453512e+02
1.455218e+02
1.456925e+02
1.458632e+02
1.460341e+02
1.462050e+02
1.463761e+02
1.465472e+02
1.467185e+02
1.468898e+02
1.470613e+02
1.472328e+02
1.474044e+02
1.475762e+02
1.477481e+02
1.479200e+02
1.480921e+02
1.482642e+02
1.484365e+02
1.486088e+02
1.487812e+02
1.489538e+02
1.491265e+02
1.492992e+02
1.494720e+02
1.496450e+02
1.498180e+02
1.499912e+02
1.501645e+02
1.503378e+02
1.505113e+02
1.506848e+02
1.508585e+02
1.510322e+02
1.512061e+02
1.513800e+02
1.515541e+02
1.517282e+02
1.519025e+02
1.520768e+02
1.522512e+02
1.524258e+02
1.526004e+02
1.527752e+02
1.529501e+02
1.531250e+02
1.533000e+02
1.534752e+02
1.536505e+02
1.538258e+02
1.540012e+02
1.541768e+02
1.543525e+02
1.545282e+02
1.547040e+02
1.548800e+02
1.550560e+02
1.552322e+02
1.554085e+02
1.555848e+02
1.557613e+02
1.559378e+02
1.561145e+02
1.562912e+02
1.564681e+02
1.566450e+02
1.568221e+02
1.569992e+02
1.571765e+02
1.573538e+02
1.575312e+02
1.577088e+02
1.578864e+02
1.580642e+02
1.582421e+02
1.584200e+02
1.585981e+02
1.587762e+02
1.589545e+02
1.591328e+02
1.593113e+02
1.594898e+02
1.596685e+02
1.598472e+02
1.600260e+02
1.602050e+02
1.603841e+02
1.605632e+02
1.607425e+02
1.609218e+02
1.611013e+02
1.612808e+02
1.614605e+02
1.616402e+02
1.618201e+02
1.620000e+02
1.621800e+02
1.623602e+02
1.625405e+02
1.627208e+02
1.629013e+02
1.630818e+02
1.632625e+02
1.634432e+02
1.636241e+02
1.638050e+02
1.639861e+02
1.641672e+02
1.643485e+02
1.645298e+02
1.647113e+02
1.648928e+02
1.650745e+02
1.652562e+02
1.654381e+02
1.656200e+02
1.658021e+02
1.659842e+02
1.661664e+02
1.663488e+02
1.665312e+02
1.667138e+02
1.668965e+02
1.670792e+02
1.672621e+02
1.674450e+02
1.676281e+02
1.678112e+02
1.679945e+02
1.681778e+02
1.683613e+02
1.685448e+02
1.687285e+02
1.689122e+02
1.690961e+02
1.692800e+02
1.694641e+02
1.696482e+02
1.698324e+02
1.700168e+02
1.702013e+02
1.703858e+02
1.705705e+02
1.707552e+02
1.709401e+02
1.711250e+02
1.713101e+02
1.714952e+02
1.716805e+02
1.718658e+02
1.720513e+02
1.722368e+02
1.724224e+02
1.726082e+02
1.727940e+02
1.729800e+02
1.731661e+02
1.733522e+02
1.735385e+02
1.737248e+02
1.739112e+02
1.740978e+02
1.742845e+02
1.744712e+02
1.746581e+02
1.748450e+02
1.750320e+02
1.752192e+02
1.754065e+02
1.755938e+02
1.757812e+02
1.759688e+02
1.761565e+02
1.763442e+02
1.765320e+02
1.767200e+02
1.769081e+02
1.770962e+02
1.772845e+02
1.774728e+02
1.776612e+02
1.778498e+02
1.780385e+02
1.782272e+02
1.784161e+02
1.786050e+02
1.787940e+02
1.789832e+02
1.791724e+02
1.793618e+02
1.795513e+02
1.797408e+02
1.799305e+02
1.801202e+02
1.803101e+02
1.805000e+02
1.806901e+02
1.808802e+02
1.810705e+02
1.812608e+02
1.814513e+02
1.816418e+02
1.818325e+02
1.820232e+02
1.822141e+02
1.824050e+02
1.825961e+02
1.827872e+02
1.829785e+02
1.831698e+02
1.833613e+02
1.835528e+02
1.837445e+02
1.839362e+02
1.841281e+02
1.843200e+02
1.845121e+02
1.847042e+02
1.848965e+02
1.850888e+02
1.852812e+02
1.854738e+02
1.856664e+02
1.858592e+02
1.860521e+02
1.862450e+02
1.864381e+02
1.866312e+02
1.868245e+02
1.870178e+02
1.872113e+02
1.874048e+02
1.875985e+02
1.877922e+02
1.879861e+02
1.881800e+02
1.883741e+02
1.885682e+02
1.887625e+02
1.889568e+02
1.891513e+02
1.893458e+02
1.895405e+02
1.897352e+02
1.899301e+02
1.901250e+02
1.903201e+02
1.905152e+02
1.907105e+02
1.909058e+02
1.911013e+02
1.912968e+02
1.914925e+02
1.916882e+02
1.918841e+02
1.920800e+02
1.922760e+02
1.924722e+02
1.926685e+02
1.928648e+02
1.930613e+02
1.932578e+02
1.934545e+02
1.936512e+02
1.938481e+02
1.940450e+02
1.942421e+02
1.944392e+02
1.946364e+02
1.948338e+02
1.950312e+02
1.952288e+02
1.954265e+02
1.956242e+02
1.958221e+02
1.960200e+02
1.962181e+02
1.964162e+02
1.966145e+02
1.968128e+02
1.970113e+02
1.972098e+02
1.974085e+02
1.976072e+02
1.978060e+02
1.980050e+02
1.982041e+02
1.984032e+02
1.986025e+02
1.988018e+02
1.990012e+02
1.992008e+02
1.994005e+02
1.996002e+02
1.998000e+02
2.000000e+02
2.002001e+02
2.004002e+02
2.006005e+02
2.008008e+02
2.010012e+02
2.012018e+02
2.014025e+02
2.016032e+02
2.018041e+02
2.020050e+02
2.022061e+02
2.024072e+02
2.026085e+02
2.028098e+02
2.030113e+02
2.032128e+02
2.034145e+02
2.036162e+02
2.038180e+02
2.040200e+02
2.042220e+02
2.044242e+02
2.046265e+02
2.048288e+02
2.050312e+02
2.052338e+02
2.054365e+02
2.056392e+02
2.058421e+02
2.060450e+02
2.062481e+02
2.064512e+02
2.066544e+02
2.068578e+02
2.070613e+02
2.072648e+02
2.074685e+02
2.076722e+02
2.078761e+02
2.080800e+02
2.082841e+02
2.084882e+02
2.086925e+02
2.088968e+02
2.091013e+02
2.093058e+02
2.095105e+02
2.097152e+02
2.099201e+02
2.101250e+02
2.103300e+02
2.105352e+02
2.107405e+02
2.109458e+02
2.111513e+02
2.113568e+02
2.115625e+02
2.117682e+02
2.119741e+02
2.121800e+02
2.123861e+02
2.125922e+02
2.127985e+02
2.130048e+02
2.132113e+02
2.134178e+02
2.136245e+02
2.138312e+02
2.140380e+02
2.142450e+02
2.144521e+02
2.146592e+02
2.148665e+02
2.150738e+02
2.152812e+02
2.154888e+02
2.156964e+02
2.159042e+02
2.161121e+02
2.163200e+02
2.165281e+02
2.167362e+02
2.169445e+02
2.171528e+02
2.173613e+02
2.175698e+02
2.177785e+02
2.179872e+02
2.181961e+02
2.184050e+02
2.186141e+02
2.188232e+02
2.190325e+02
2.192418e+02
2.194513e+02
2.196608e+02
2.198705e+02
2.200802e+02
2.202901e+02
2.205000e+02
2.207101e+02
2.209202e+02
2.211305e+02
2.213408e+02
2.215513e+02
2.217618e+02
2.219725e+02
2.221832e+02
2.223941e+02
2.226050e+02
2.228161e+02
2.230272e+02
2.232385e+02
2.234498e+02
2.236613e+02
2.238728e+02
2.240845e+02
2.242962e+02
2.245080e+02
2.247200e+02
2.249321e+02
2.251442e+02
2.253565e+02
2.255688e+02
2.257812e+02
2.259938e+02
2.262065e+02
2.264192e+02
2.266321e+02
2.268450e+02
2.270581e+02
2.272712e+02
2.274845e+02
2.276978e+02
2.279113e+02
2.281248e+02
2.283385e+02
2.285522e+02
2.287661e+02
2.289800e+02
2.291941e+02
2.294082e+02
2.296225e+02
2.298368e+02
2.300513e+02
2.302658e+02
2.304805e+02
2.306952e+02
2.309101e+02
2.311250e+02
2.313401e+02
2.315552e+02
2.317705e+02
2.319858e+02
2.322013e+02
2.324168e+02
2.326325e+02
2.328482e+02
2.330641e+02
2.332800e+02
2.334961e+02
2.337122e+02
2.339284e+02
2.341448e+02
2.343613e+02
2.345778e+02
2.347945e+02
2.350112e+02
2.352281e+02
2.354450e+02
2.356621e+02
2.358792e+02
2.360965e+02
2.363138e+02
2.365312e+02
2.367488e+02
2.369665e+02
2.371842e+02
2.374021e+02
2.376200e+02
2.378381e+02
2.380562e+02
2.382745e+02
2.384928e+02
2.387113e+02
2.389298e+02
2.391485e+02
2.393672e+02
2.395861e+02
2.398050e+02
2.400241e+02
2.402432e+02
2.404625e+02
2.406818e+02
2.409013e+02
2.411208e+02
2.413405e+02
2.415602e+02
2.417801e+02
2.420000e+02
2.422201e+02
2.424402e+02
2.426605e+02
2.428808e+02
2.431013e+02
2.433218e+02
2.435425e+02
2.437632e+02
2.439841e+02
2.442050e+02
2.444261e+02
2.446472e+02
2.448685e+02
2.450898e+02
2.453113e+02
2.455328e+02
2.457545e+02
2.459762e+02
2.461981e+02
2.464200e+02
2.466421e+02
2.468642e+02
2.470865e+02
2.473088e+02
2.475312e+02
2.477538e+02
2.479764e+02
2.481992e+02
2.484221e+02
2.486450e+02
2.488681e+02
2.490912e+02
2.493145e+02
2.495378e+02
2.497613e+02
2.499848e+02
2.502084e+02
2.504322e+02
2.506561e+02
2.508800e+02
2.511041e+02
2.513282e+02
2.515525e+02
2.517768e+02
2.520012e+02
2.522258e+02
2.524505e+02
2.526752e+02
2.529001e+02
2.531250e+02
2.533501e+02
2.535752e+02
2.538005e+02
2.540258e+02
2.542512e+02
2.544768e+02
2.547024e+02
2.549282e+02
2.551541e+02
2.553800e+02
2.556061e+02
2.558322e+02
2.560584e+02
2.562848e+02
2.565113e+02
2.567378e+02
2.569644e+02
2.571912e+02
2.574180e+02
2.576450e+02
2.578721e+02
2.580992e+02
2.583265e+02
2.585538e+02
2.587812e+02
2.590088e+02
2.592364e+02
2.594642e+02
2.596920e+02
2.599200e+02
2.601481e+02
2.603762e+02
2.606044e+02
2.608328e+02
2.610613e+02
2.612898e+02
2.615185e+02
2.617472e+02
2.619760e+02
2.622050e+02
2.624341e+02
2.626632e+02
2.628924e+02
2.631218e+02
2.633512e+02
2.635808e+02
2.638105e+02
2.640402e+02
2.642701e+02
2.645000e+02
2.647301e+02
2.649602e+02
2.651904e+02
2.654208e+02
2.656513e+02
2.658818e+02
2.661125e+02
2.663432e+02
2.665740e+02
2.668050e+02
2.670360e+02
2.672672e+02
2.674984e+02
2.677298e+02
2.679613e+02
2.681928e+02
2.684245e+02
2.686562e+02
2.688881e+02
2.691200e+02
2.693521e+02
2.695842e+02
2.698165e+02
2.700488e+02
2.702812e+02
2.705138e+02
2.707465e+02
2.709792e+02
2.712121e+02
2.714450e+02
2.716780e+02
2.719112e+02
2.721445e+02
2.723778e+02
2.726113e+02
2.728448e+02
2.730785e+02
2.733122e+02
2.735461e+02
2.737800e+02
2.740140e+02
2.742482e+02
2.744825e+02
2.747168e+02
2.749513e+02
2.751858e+02
2.754205e+02
2.756552e+02
2.758901e+02
2.761250e+02
2.763601e+02
2.765952e+02
2.768305e+02
2.770658e+02
2.773013e+02
2.775368e+02
2.777724e+02
2.780082e+02
2.782441e+02
2.784800e+02
2.787160e+02
2.789522e+02
2.791884e+02
2.794248e+02
2.796612e+02
2.798978e+02
2.801345e+02
2.803712e+02
2.806080e+02
2.808450e+02
2.810821e+02
2.813192e+02
2.815565e+02
2.817938e+02
2.820312e+02
2.822688e+02
2.825065e+02
2.827442e+02
2.829821e+02
2.832200e+02
2.834581e+02
2.836962e+02
2.839345e+02
2.841728e+02
2.844112e+02
2.846498e+02
2.848885e+02
2.851272e+02
2.853661e+02
2.856050e+02
2.858441e+02
2.860832e+02
2.863225e+02
2.865618e+02
2.868013e+02
2.870408e+02
2.872805e+02
2.875202e+02
2.877601e+02
2.880000e+02
2.882400e+02
2.884802e+02
2.887205e+02
2.889608e+02
2.892013e+02
2.894418e+02
2.896825e+02
2.899232e+02
2.901641e+02
2.904050e+02
2.906461e+02
2.908872e+02
2.911284e+02
2.913698e+02
2.916113e+02
2.918528e+02
2.920944e+02
2.923362e+02
2.925781e+02
2.928200e+02
2.930620e+02
2.933042e+02
2.935464e+02
2.937888e+02
2.940312e+02
2.942738e+02
2.945165e+02
2.947592e+02
2.950020e+02
2.952450e+02
2.954880e+02
2.957312e+02
2.959744e+02
2.962178e+02
2.964613e+02
2.967048e+02
2.969485e+02
2.971922e+02
2.974361e+02
2.976800e+02
2.979241e+02
2.981682e+02
2.984125e+02
2.986568e+02
2.989013e+02
2.991458e+02
2.993904e+02
2.996352e+02
2.998801e+02
3.001250e+02
3.003700e+02
3.006152e+02
3.008605e+02
3.011058e+02
3.013512e+02
3.015968e+02
3.018425e+02
3.020882e+02
3.023340e+02
3.025800e+02
3.028261e+02
3.030722e+02
3.033185e+02
3.035648e+02
3.038113e+02
3.040578e+02
3.043045e+02
3.045512e+02
3.047980e+02
3.050450e+02
3.052921e+02
3.055392e+02
3.057865e+02
3.060338e+02
3.062812e+02
3.065288e+02
3.067765e+02
3.070242e+02
3.072721e+02
3.075200e+02
3.077681e+02
3.080162e+02
3.082645e+02
3.085128e+02
3.087613e+02
3.090098e+02
3.092585e+02
3.095072e+02
3.097561e+02
3.100050e+02
3.102541e+02
3.105032e+02
3.107525e+02
3.110018e+02
3.112513e+02
3.115008e+02
3.117505e+02
3.120002e+02
3.122500e+02
3.125000e+02
