4.583321e-14
4.940042e-14
5.323994e-14
5.737214e-14
6.181888e-14
6.660361e-14
7.175151e-14
7.728956e-14
8.324673e-14
8.965409e-14
9.654496e-14
1.039551e-13
1.119227e-13
1.204890e-13
1.296980e-13
1.395969e-13
1.502362e-13
1.616703e-13
1.739571e-13
1.871591e-13
2.013428e-13
2.165797e-13
2.329465e-13
2.505250e-13
2.694031e-13
2.896748e-13
3.114407e-13
3.348085e-13
3.598937e-13
3.868198e-13
4.157187e-13
4.467320e-13
4.800109e-13
5.157173e-13
5.540245e-13
5.951175e-13
6.391945e-13
6.864675e-13
7.371628e-13
7.915229e-13
8.498066e-13
9.122908e-13
9.792714e-13
1.051065e-12
1.128008e-12
1.210464e-12
1.298817e-12
1.393479e-12
1.494891e-12
1.603524e-12
1.719878e-12
1.844491e-12
1.977935e-12
2.120822e-12
2.273803e-12
2.437575e-12
2.612881e-12
2.800516e-12
3.001324e-12
3.216210e-12
3.446136e-12
3.692130e-12
3.955289e-12
4.236780e-12
4.537851e-12
4.859830e-12
5.204135e-12
5.572276e-12
5.965862e-12
6.386610e-12
6.836347e-12
7.317023e-12
7.830713e-12
8.379628e-12
8.966125e-12
9.592711e-12
1.026206e-11
1.097702e-11
1.174061e-11
1.255606e-11
1.342681e-11
1.435651e-11
1.534905e-11
1.640857e-11
1.753947e-11
1.874643e-11
2.003446e-11
2.140883e-11
2.287520e-11
2.443957e-11
2.610831e-11
2.788820e-11
2.978645e-11
3.181073e-11
3.396918e-11
3.627046e-11
3.872377e-11
4.133888e-11
4.412619e-11
4.709673e-11
5.026221e-11
5.363509e-11
5.722859e-11
6.105674e-11
6.513445e-11
6.947754e-11
7.410282e-11
7.902811e-11
8.427233e-11
8.985557e-11
9.579913e-11
1.021256e-10
1.088590e-10
1.160248e-10
1.236498e-10
1.317628e-10
1.403941e-10
1.495758e-10
1.593421e-10
1.697291e-10
1.807751e-10
1.925207e-10
2.050089e-10
2.182854e-10
2.323985e-10
2.473993e-10
2.633420e-10
2.802840e-10
2.982862e-10
3.174129e-10
3.377323e-10
3.593165e-10
3.822419e-10
4.065893e-10
4.324443e-10
4.598975e-10
4.890445e-10
5.199869e-10
5.528317e-10
5.876923e-10
6.246888e-10
6.639478e-10
7.056036e-10
7.497978e-10
7.966804e-10
8.464097e-10
8.991533e-10
9.550881e-10
1.014401e-09
1.077290e-09
1.143963e-09
1.214641e-09
1.289556e-09
1.368956e-09
1.453099e-09
1.542259e-09
1.636727e-09
1.736807e-09
1.842822e-09
1.955114e-09
2.074040e-09
2.199980e-09
2.333334e-09
2.474525e-09
2.623996e-09
2.782218e-09
2.949685e-09
3.126919e-09
3.314472e-09
3.512922e-09
3.722883e-09
3.944997e-09
4.179946e-09
4.428444e-09
4.691246e-09
4.969147e-09
5.262985e-09
5.573640e-09
5.902041e-09
6.249168e-09
6.616048e-09
7.003768e-09
7.413467e-09
7.846349e-09
8.303676e-09
8.786780e-09
9.297060e-09
9.835992e-09
1.040512e-08
1.100608e-08
1.164059e-08
1.231045e-08
1.301755e-08
1.376389e-08
1.455156e-08
1.538277e-08
1.625984e-08
1.718520e-08
1.816140e-08
1.919113e-08
2.027722e-08
2.142264e-08
2.263049e-08
2.390406e-08
2.524677e-08
2.666224e-08
2.815425e-08
2.972678e-08
3.138400e-08
3.313030e-08
3.497027e-08
3.690874e-08
3.895076e-08
4.110165e-08
4.336698e-08
4.575258e-08
4.826460e-08
5.090944e-08
5.369384e-08
5.662487e-08
5.970993e-08
6.295677e-08
6.637353e-08
6.996872e-08
7.375127e-08
7.773054e-08
8.191632e-08
8.631887e-08
9.094894e-08
9.581778e-08
1.009372e-07
1.063195e-07
1.119775e-07
1.179249e-07
1.241758e-07
1.307449e-07
1.376478e-07
1.449006e-07
1.525204e-07
1.605248e-07
1.689323e-07
1.777625e-07
1.870355e-07
1.967725e-07
2.069958e-07
2.177284e-07
2.289946e-07
2.408196e-07
2.532300e-07
2.662533e-07
2.799184e-07
2.942555e-07
3.092959e-07
3.250725e-07
3.416197e-07
3.589734e-07
3.771709e-07
3.962512e-07
4.162551e-07
4.372251e-07
4.592057e-07
4.822431e-07
5.063855e-07
5.316834e-07
5.581894e-07
5.859581e-07
6.150467e-07
6.455149e-07
6.774246e-07
7.108406e-07
7.458304e-07
7.824643e-07
8.208154e-07
8.609602e-07
9.029781e-07
9.469519e-07
9.929678e-07
1.041116e-06
1.091489e-06
1.144185e-06
1.199306e-06
1.256956e-06
1.317246e-06
1.380289e-06
1.446205e-06
1.515117e-06
1.587155e-06
1.662451e-06
1.741145e-06
1.823382e-06
1.909312e-06
1.999092e-06
2.092884e-06
2.190857e-06
2.293188e-06
2.400058e-06
2.511658e-06
2.628184e-06
2.749841e-06
2.876842e-06
3.009407e-06
3.147766e-06
3.292157e-06
3.442827e-06
3.600033e-06
3.764041e-06
3.935126e-06
4.113577e-06
4.299690e-06
4.493774e-06
4.696150e-06
4.907148e-06
5.127114e-06
5.356405e-06
5.595390e-06
5.844453e-06
6.103992e-06
6.374419e-06
6.656162e-06
6.949662e-06
7.255378e-06
7.573785e-06
7.905376e-06
8.250658e-06
8.610161e-06
8.984429e-06
9.374029e-06
9.779545e-06
1.020158e-05
1.064077e-05
1.109776e-05
1.157321e-05
1.206783e-05
1.258232e-05
1.311744e-05
1.367396e-05
1.425265e-05
1.485435e-05
1.547991e-05
1.613020e-05
1.680612e-05
1.750861e-05
1.823865e-05
1.899723e-05
1.978537e-05
2.060416e-05
2.145468e-05
2.233808e-05
2.325553e-05
2.420824e-05
2.519745e-05
2.622447e-05
2.729062e-05
2.839727e-05
2.954584e-05
3.073779e-05
3.197464e-05
3.325792e-05
3.458925e-05
3.597028e-05
3.740270e-05
3.888828e-05
4.042882e-05
4.202619e-05
4.368230e-05
4.539913e-05
4.717872e-05
4.902317e-05
5.093463e-05
5.291532e-05
5.496755e-05
5.709366e-05
5.929607e-05
6.157728e-05
6.393986e-05
6.638645e-05
6.891976e-05
7.154259e-05
7.425781e-05
7.706837e-05
7.997731e-05
8.298775e-05
8.610289e-05
8.932604e-05
9.266057e-05
9.610996e-05
9.967780e-05
1.033677e-04
1.071836e-04
1.111291e-04
1.152084e-04
1.194255e-04
1.237846e-04
1.282900e-04
1.329460e-04
1.377572e-04
1.427283e-04
1.478640e-04
1.531692e-04
1.586488e-04
1.643080e-04
1.701521e-04
1.761865e-04
1.824166e-04
1.888481e-04
1.954868e-04
2.023387e-04
2.094098e-04
2.167063e-04
2.242346e-04
2.320013e-04
2.400130e-04
2.482765e-04
2.567988e-04
2.655871e-04
2.746487e-04
2.839911e-04
2.936219e-04
3.035490e-04
3.137803e-04
3.243240e-04
3.351885e-04
3.463823e-04
3.579141e-04
3.697929e-04
3.820277e-04
3.946278e-04
4.076027e-04
4.209622e-04
4.347160e-04
4.488743e-04
4.634474e-04
4.784458e-04
4.938802e-04
5.097615e-04
5.261009e-04
5.429097e-04
5.601995e-04
5.779822e-04
5.962696e-04
6.150743e-04
6.344085e-04
6.542850e-04
6.747168e-04
6.957170e-04
7.172992e-04
7.394769e-04
7.622640e-04
7.856748e-04
8.097236e-04
8.344251e-04
8.597941e-04
8.858459e-04
9.125957e-04
9.400593e-04
9.682526e-04
9.971917e-04
1.026893e-03
1.057373e-03
1.088649e-03
1.120738e-03
1.153658e-03
1.187426e-03
1.222060e-03
1.257578e-03
1.293999e-03
1.331342e-03
1.369626e-03
1.408870e-03
1.449093e-03
1.490315e-03
1.532557e-03
1.575839e-03
1.620181e-03
1.665604e-03
1.712129e-03
1.759778e-03
1.808572e-03
1.858533e-03
1.909684e-03
1.962046e-03
2.015642e-03
2.070495e-03
2.126628e-03
2.184065e-03
2.242828e-03
2.302943e-03
2.364432e-03
2.427320e-03
2.491631e-03
2.557391e-03
2.624624e-03
2.693355e-03
2.763610e-03
2.835413e-03
2.908792e-03
2.983770e-03
3.060376e-03
3.138634e-03
3.218572e-03
3.300215e-03
3.383591e-03
3.468727e-03
3.555649e-03
3.644385e-03
3.734962e-03
3.827408e-03
3.921749e-03
4.018014e-03
4.116230e-03
4.216425e-03
4.318628e-03
4.422865e-03
4.529166e-03
4.637557e-03
4.748068e-03
4.860726e-03
4.975559e-03
5.092596e-03
5.211865e-03
5.333393e-03
5.457210e-03
5.583343e-03
5.711820e-03
5.842669e-03
5.975918e-03
6.111595e-03
6.249727e-03
6.390342e-03
6.533467e-03
6.679130e-03
6.827358e-03
6.978177e-03
7.131615e-03
7.287698e-03
7.446452e-03
7.607904e-03
7.772079e-03
7.939003e-03
8.108701e-03
8.281199e-03
8.456520e-03
8.634689e-03
8.815731e-03
8.999668e-03
9.186525e-03
9.376323e-03
9.569086e-03
9.764835e-03
9.963593e-03
1.016538e-02
1.037021e-02
1.057812e-02
1.078911e-02
1.100322e-02
1.122045e-02
1.144082e-02
1.166436e-02
1.189107e-02
1.212098e-02
1.235410e-02
1.259044e-02
1.283002e-02
1.307285e-02
1.331895e-02
1.356832e-02
1.382098e-02
1.407694e-02
1.433620e-02
1.459878e-02
1.486468e-02
1.513391e-02
1.540647e-02
1.568238e-02
1.596163e-02
1.624423e-02
1.653018e-02
1.681948e-02
1.711213e-02
1.740814e-02
1.770749e-02
1.801019e-02
1.831623e-02
1.862561e-02
1.893833e-02
1.925436e-02
1.957372e-02
1.989638e-02
2.022234e-02
2.055158e-02
2.088409e-02
2.121986e-02
2.155888e-02
2.190112e-02
2.224657e-02
2.259520e-02
2.294701e-02
2.330197e-02
2.366004e-02
2.402122e-02
2.438548e-02
2.475278e-02
2.512310e-02
2.549641e-02
2.587268e-02
2.625188e-02
2.663398e-02
2.701893e-02
2.740671e-02
2.779727e-02
2.819058e-02
2.858659e-02
2.898527e-02
2.938657e-02
2.979045e-02
3.019685e-02
3.060574e-02
3.101707e-02
3.143078e-02
3.184683e-02
3.226515e-02
3.268570e-02
3.310842e-02
3.353326e-02
3.396015e-02
3.438903e-02
3.481985e-02
3.525254e-02
3.568704e-02
3.612329e-02
3.656121e-02
3.700073e-02
3.744180e-02
3.788434e-02
3.832827e-02
3.877353e-02
3.922004e-02
3.966772e-02
4.011650e-02
4.056630e-02
4.101705e-02
4.146865e-02
4.192103e-02
4.237412e-02
4.282781e-02
4.328204e-02
4.373671e-02
4.419173e-02
4.464703e-02
4.510250e-02
4.555807e-02
4.601363e-02
4.646911e-02
4.692440e-02
4.737941e-02
4.783405e-02
4.828822e-02
4.874184e-02
4.919479e-02
4.964699e-02
5.009833e-02
5.054872e-02
5.099807e-02
5.144626e-02
5.189320e-02
5.233879e-02
5.278292e-02
5.322551e-02
5.366643e-02
5.410560e-02
5.454291e-02
5.497825e-02
5.541153e-02
5.584264e-02
5.627147e-02
5.669793e-02
5.712191e-02
5.754330e-02
5.796201e-02
5.837792e-02
5.879094e-02
5.920096e-02
5.960788e-02
6.001159e-02
6.041200e-02
6.080899e-02
6.120248e-02
6.159235e-02
6.197851e-02
6.236085e-02
6.273928e-02
6.311369e-02
6.348399e-02
6.385007e-02
6.421185e-02
6.456921e-02
6.492208e-02
6.527034e-02
6.561391e-02
6.595269e-02
6.628660e-02
6.661553e-02
6.693940e-02
6.725812e-02
6.757160e-02
6.787975e-02
6.818249e-02
6.847972e-02
6.877138e-02
6.905738e-02
6.933763e-02
6.961205e-02
6.988058e-02
7.014312e-02
7.039961e-02
7.064997e-02
7.089414e-02
7.113203e-02
7.136358e-02
7.158873e-02
7.180741e-02
7.201956e-02
7.222511e-02
7.242400e-02
7.261618e-02
7.280158e-02
7.298017e-02
7.315187e-02
7.331665e-02
7.347445e-02
7.362523e-02
7.376894e-02
7.390553e-02
7.403498e-02
7.415724e-02
7.427227e-02
7.438005e-02
7.448053e-02
7.457369e-02
7.465950e-02
7.473793e-02
7.480896e-02
7.487258e-02
7.492875e-02
7.497747e-02
7.501872e-02
7.505249e-02
7.507876e-02
7.509753e-02
7.510880e-02
7.511255e-02
7.510880e-02
7.509753e-02
7.507876e-02
7.505249e-02
7.501872e-02
7.497747e-02
7.492875e-02
7.487258e-02
7.480896e-02
7.473793e-02
7.465950e-02
7.457369e-02
7.448053e-02
7.438005e-02
7.427227e-02
7.415724e-02
7.403498e-02
7.390553e-02
7.376894e-02
7.362523e-02
7.347445e-02
7.331665e-02
7.315187e-02
7.298017e-02
7.280158e-02
7.261618e-02
7.242400e-02
7.222511e-02
7.201956e-02
7.180741e-02
7.158873e-02
7.136358e-02
7.113203e-02
7.089414e-02
7.064997e-02
7.039961e-02
7.014312e-02
6.988058e-02
6.961205e-02
6.933763e-02
6.905738e-02
6.877138e-02
6.847972e-02
6.818249e-02
6.787975e-02
6.757160e-02
6.725812e-02
6.693940e-02
6.661553e-02
6.628660e-02
6.595269e-02
6.561391e-02
6.527034e-02
6.492208e-02
6.456921e-02
6.421185e-02
6.385007e-02
6.348399e-02
6.311369e-02
6.273928e-02
6.236085e-02
6.197851e-02
6.159235e-02
6.120248e-02
6.080899e-02
6.041200e-02
6.001159e-02
5.960788e-02
5.920096e-02
5.879094e-02
5.837792e-02
5.796201e-02
5.754330e-02
5.712191e-02
5.669793e-02
5.627147e-02
5.584264e-02
5.541153e-02
5.497825e-02
5.454291e-02
5.410560e-02
5.366643e-02
5.322551e-02
5.278292e-02
5.233879e-02
5.189320e-02
5.144626e-02
5.099807e-02
5.054872e-02
5.009833e-02
4.964699e-02
4.919479e-02
4.874184e-02
4.828822e-02
4.783405e-02
4.737941e-02
4.692440e-02
4.646911e-02
4.601363e-02
4.555807e-02
4.510250e-02
4.464703e-02
4.419173e-02
4.373671e-02
4.328204e-02
4.282781e-02
4.237412e-02
4.192103e-02
4.146865e-02
4.101705e-02
4.056630e-02
4.011650e-02
3.966772e-02
3.922004e-02
3.877353e-02
3.832827e-02
3.788434e-02
3.744180e-02
3.700073e-02
3.656121e-02
3.612329e-02
3.568704e-02
3.525254e-02
3.481985e-02
3.438903e-02
3.396015e-02
3.353326e-02
3.310842e-02
3.268570e-02
3.226515e-02
3.184683e-02
3.143078e-02
3.101707e-02
3.060574e-02
3.019685e-02
2.979045e-02
2.938657e-02
2.898527e-02
2.858659e-02
2.819058e-02
2.779727e-02
2.740671e-02
2.701893e-02
2.663398e-02
2.625188e-02
2.587268e-02
2.549641e-02
2.512310e-02
2.475278e-02
2.438548e-02
2.402122e-02
2.366004e-02
2.330197e-02
2.294701e-02
2.259520e-02
2.224657e-02
2.190112e-02
2.155888e-02
2.121986e-02
2.088409e-02
2.055158e-02
2.022234e-02
1.989638e-02
1.957372e-02
1.925436e-02
1.893833e-02
1.862561e-02
1.831623e-02
1.801019e-02
1.770749e-02
1.740814e-02
1.711213e-02
1.681948e-02
1.653018e-02
1.624423e-02
1.596163e-02
1.568238e-02
1.540647e-02
1.513391e-02
1.486468e-02
1.459878e-02
1.433620e-02
1.407694e-02
1.382098e-02
1.356832e-02
1.331895e-02
1.307285e-02
1.283002e-02
1.259044e-02
1.235410e-02
1.212098e-02
1.189107e-02
1.166436e-02
1.144082e-02
1.122045e-02
1.100322e-02
1.078911e-02
1.057812e-02
1.037021e-02
1.016538e-02
9.963593e-03
9.764835e-03
9.569086e-03
9.376323e-03
9.186525e-03
8.999668e-03
8.815731e-03
8.634689e-03
8.456520e-03
8.281199e-03
8.108701e-03
7.939003e-03
7.772079e-03
7.607904e-03
7.446452e-03
7.287698e-03
7.131615e-03
6.978177e-03
6.827358e-03
6.679130e-03
6.533467e-03
6.390342e-03
6.249727e-03
6.111595e-03
5.975918e-03
5.842669e-03
5.711820e-03
5.583343e-03
5.457210e-03
5.333393e-03
5.211865e-03
5.092596e-03
4.975559e-03
4.860726e-03
4.748068e-03
4.637557e-03
4.529166e-03
4.422865e-03
4.318628e-03
4.216425e-03
4.116230e-03
4.018014e-03
3.921749e-03
3.827408e-03
3.734962e-03
3.644385e-03
3.555649e-03
3.468727e-03
3.383591e-03
3.300215e-03
3.218572e-03
3.138634e-03
3.060376e-03
2.983770e-03
2.908792e-03
2.835413e-03
2.763610e-03
2.693355e-03
2.624624e-03
2.557391e-03
2.491631e-03
2.427320e-03
2.364432e-03
2.302943e-03
2.242828e-03
2.184065e-03
2.126628e-03
2.070495e-03
2.015642e-03
1.962046e-03
1.909684e-03
1.858533e-03
1.808572e-03
1.759778e-03
1.712129e-03
1.665604e-03
1.620181e-03
1.575839e-03
1.532557e-03
1.490315e-03
1.449093e-03
1.408870e-03
1.369626e-03
1.331342e-03
1.293999e-03
1.257578e-03
1.222060e-03
1.187426e-03
1.153658e-03
1.120738e-03
1.088649e-03
1.057373e-03
1.026893e-03
9.971917e-04
9.682526e-04
9.400593e-04
9.125957e-04
8.858459e-04
8.597941e-04
8.344251e-04
8.097236e-04
7.856748e-04
7.622640e-04
7.394769e-04
7.172992e-04
6.957170e-04
6.747168e-04
6.542850e-04
6.344085e-04
6.150743e-04
5.962696e-04
5.779822e-04
5.601995e-04
5.429097e-04
5.261009e-04
5.097615e-04
4.938802e-04
4.784458e-04
4.634474e-04
4.488743e-04
4.347160e-04
4.209622e-04
4.076027e-04
3.946278e-04
3.820277e-04
3.697929e-04
3.579141e-04
3.463823e-04
3.351885e-04
3.243240e-04
3.137803e-04
3.035490e-04
2.936219e-04
2.839911e-04
2.746487e-04
2.655871e-04
2.567988e-04
2.482765e-04
2.400130e-04
2.320013e-04
2.242346e-04
2.167063e-04
2.094098e-04
2.023387e-04
1.954868e-04
1.888481e-04
1.824166e-04
1.761865e-04
1.701521e-04
1.643080e-04
1.586488e-04
1.531692e-04
1.478640e-04
1.427283e-04
1.377572e-04
1.329460e-04
1.282900e-04
1.237846e-04
1.194255e-04
1.152084e-04
1.111291e-04
1.071836e-04
1.033677e-04
9.967780e-05
9.610996e-05
9.266057e-05
8.932604e-05
8.610289e-05
8.298775e-05
7.997731e-05
7.706837e-05
7.425781e-05
7.154259e-05
6.891976e-05
6.638645e-05
6.393986e-05
6.157728e-05
5.929607e-05
5.709366e-05
5.496755e-05
5.291532e-05
5.093463e-05
4.902317e-05
4.717872e-05
4.539913e-05
4.368230e-05
4.202619e-05
4.042882e-05
3.888828e-05
3.740270e-05
3.597028e-05
3.458925e-05
3.325792e-05
3.197464e-05
3.073779e-05
2.954584e-05
2.839727e-05
2.729062e-05
2.622447e-05
2.519745e-05
2.420824e-05
2.325553e-05
2.233808e-05
2.145468e-05
2.060416e-05
1.978537e-05
1.899723e-05
1.823865e-05
1.750861e-05
1.680612e-05
1.613020e-05
1.547991e-05
1.485435e-05
1.425265e-05
1.367396e-05
1.311744e-05
1.258232e-05
1.206783e-05
1.157321e-05
1.109776e-05
1.064077e-05
1.020158e-05
9.779545e-06
9.374029e-06
8.984429e-06
8.610161e-06
8.250658e-06
7.905376e-06
7.573785e-06
7.255378e-06
6.949662e-06
6.656162e-06
6.374419e-06
6.103992e-06
5.844453e-06
5.595390e-06
5.356405e-06
5.127114e-06
4.907148e-06
4.696150e-06
4.493774e-06
4.299690e-06
4.113577e-06
3.935126e-06
3.764041e-06
3.600033e-06
3.442827e-06
3.292157e-06
3.147766e-06
3.009407e-06
2.876842e-06
2.749841e-06
2.628184e-06
2.511658e-06
2.400058e-06
2.293188e-06
2.190857e-06
2.092884e-06
1.999092e-06
1.909312e-06
1.823382e-06
1.741145e-06
1.662451e-06
1.587155e-06
1.515117e-06
1.446205e-06
1.380289e-06
1.317246e-06
1.256956e-06
1.199306e-06
1.144185e-06
1.091489e-06
1.041116e-06
9.929678e-07
9.469519e-07
9.029781e-07
8.609602e-07
8.208154e-07
7.824643e-07
7.458304e-07
7.108406e-07
6.774246e-07
6.455149e-07
6.150467e-07
5.859581e-07
5.581894e-07
5.316834e-07
5.063855e-07
4.822431e-07
4.592057e-07
4.372251e-07
4.162551e-07
3.962512e-07
3.771709e-07
3.589734e-07
3.416197e-07
3.250725e-07
3.092959e-07
2.942555e-07
2.799184e-07
2.662533e-07
2.532300e-07
2.408196e-07
2.289946e-07
2.177284e-07
2.069958e-07
1.967725e-07
1.870355e-07
1.777625e-07
1.689323e-07
1.605248e-07
1.525204e-07
1.449006e-07
1.376478e-07
1.307449e-07
1.241758e-07
1.179249e-07
1.119775e-07
1.063195e-07
1.009372e-07
9.581778e-08
9.094894e-08
8.631887e-08
8.191632e-08
7.773054e-08
7.375127e-08
6.996872e-08
6.637353e-08
6.295677e-08
5.970993e-08
5.662487e-08
5.369384e-08
5.090944e-08
4.826460e-08
4.575258e-08
4.336698e-08
4.110165e-08
3.895076e-08
3.690874e-08
3.497027e-08
3.313030e-08
3.138400e-08
2.972678e-08
2.815425e-08
2.666224e-08
2.524677e-08
2.390406e-08
2.263049e-08
2.142264e-08
2.027722e-08
1.919113e-08
1.816140e-08
1.718520e-08
1.625984e-08
1.538277e-08
1.455156e-08
1.376389e-08
1.301755e-08
1.231045e-08
1.164059e-08
1.100608e-08
1.040512e-08
9.835992e-09
9.297060e-09
8.786780e-09
8.303676e-09
7.846349e-09
7.413467e-09
7.003768e-09
6.616048e-09
6.249168e-09
5.902041e-09
5.573640e-09
5.262985e-09
4.969147e-09
4.691246e-09
4.428444e-09
4.179946e-09
3.944997e-09
3.722883e-09
3.512922e-09
3.314472e-09
3.126919e-09
2.949685e-09
2.782218e-09
2.623996e-09
2.474525e-09
2.333334e-09
2.199980e-09
2.074040e-09
1.955114e-09
1.842822e-09
1.736807e-09
1.636727e-09
1.542259e-09
1.453099e-09
1.368956e-09
1.289556e-09
1.214641e-09
1.143963e-09
1.077290e-09
1.014401e-09
9.550881e-10
8.991533e-10
8.464097e-10
7.966804e-10
7.497978e-10
7.056036e-10
6.639478e-10
6.246888e-10
5.876923e-10
5.528317e-10
5.199869e-10
4.890445e-10
4.598975e-10
4.324443e-10
4.065893e-10
3.822419e-10
3.593165e-10
3.377323e-10
3.174129e-10
2.982862e-10
2.802840e-10
2.633420e-10
2.473993e-10
2.323985e-10
2.182854e-10
2.050089e-10
1.925207e-10
1.807751e-10
1.697291e-10
1.593421e-10
1.495758e-10
1.403941e-10
1.317628e-10
1.236498e-10
1.160248e-10
1.088590e-10
1.021256e-10
9.579913e-11
8.985557e-11
8.427233e-11
7.902811e-11
7.410282e-11
6.947754e-11
6.513445e-11
6.105674e-11
5.722859e-11
5.363509e-11
5.026221e-11
4.709673e-11
4.412619e-11
4.133888e-11
3.872377e-11
3.627046e-11
3.396918e-11
3.181073e-11
2.978645e-11
2.788820e-11
2.610831e-11
2.443957e-11
2.287520e-11
2.140883e-11
2.003446e-11
1.874643e-11
1.753947e-11
1.640857e-11
1.534905e-11
1.435651e-11
1.342681e-11
1.255606e-11
1.174061e-11
1.097702e-11
1.026206e-11
9.592711e-12
8.966125e-12
8.379628e-12
7.830713e-12
7.317023e-12
6.836347e-12
6.386610e-12
5.965862e-12
5.572276e-12
5.204135e-12
4.859830e-12
4.537851e-12
4.236780e-12
3.955289e-12
3.692130e-12
3.446136e-12
3.216210e-12
3.001324e-12
2.800516e-12
2.612881e-12
2.437575e-12
2.273803e-12
2.120822e-12
1.977935e-12
1.844491e-12
1.719878e-12
1.603524e-12
1.494891e-12
1.393479e-12
1.298817e-12
1.210464e-12
1.128008e-12
1.051065e-12
9.792714e-13
9.122908e-13
8.498066e-13
7.915229e-13
7.371628e-13
6.864675e-13
6.391945e-13
5.951175e-13
5.540245e-13
5.157173e-13
4.800109e-13
4.467320e-13
4.157187e-13
3.868198e-13
3.598937e-13
3.348085e-13
3.114407e-13
2.896748e-13
2.694031e-13
2.505250e-13
2.329465e-13
2.165797e-13
2.013428e-13
1.871591e-13
1.739571e-13
1.616703e-13
1.502362e-13
1.395969e-13
1.296980e-13
1.204890e-13
1.119227e-13
1.039551e-13
9.654496e-14
8.965409e-14
8.324673e-14
7.728956e-14
7.175151e-14
6.660361e-14
6.181888e-14
5.737214e-14
5.323994e-14
4.940042e-14
4.583321e-14
4.251933e-14
3.944112e-14
3.658209e-14
3.392692e-14
3.146132e-14
2.917198e-14
2.704653e-14
2.507343e-14
2.324195e-14
2.154209e-14
1.996456e-14
1.850070e-14
1.714247e-14
1.588236e-14
1.471340e-14
1.362912e-14
1.262348e-14
1.169088e-14
1.082609e-14
1.002427e-14
9.280903e-15
8.591805e-15
7.953076e-15
7.361096e-15
6.812498e-15
6.304154e-15
5.833160e-15
5.396814e-15
4.992610e-15
4.618218e-15
4.271473e-15
3.950368e-15
3.653037e-15
3.377747e-15
3.122890e-15
2.886974e-15
2.668613e-15
2.466521e-15
2.279506e-15
2.106460e-15
1.946356e-15
1.798241e-15
1.661231e-15
1.534506e-15
1.417307e-15
1.308928e-15
1.208716e-15
1.116065e-15
1.030412e-15
9.512378e-16
8.780593e-16
8.104293e-16
7.479335e-16
6.901881e-16
6.368372e-16
5.875516e-16
5.420261e-16
4.999780e-16
4.611457e-16
4.252869e-16
3.921773e-16
3.616092e-16
3.333904e-16
3.073429e-16
2.833022e-16
2.611158e-16
2.406429e-16
2.217530e-16
2.043255e-16
1.882487e-16
1.734196e-16
1.597427e-16
1.471296e-16
1.354990e-16
1.247752e-16
1.148887e-16
1.057750e-16
9.737447e-17
8.963215e-17
8.249718e-17
7.592258e-17
6.986495e-17
6.428421e-17
5.914335e-17
5.440816e-17
5.004708e-17
4.603096e-17
4.233288e-17
3.892801e-17
3.579342e-17
3.290794e-17
3.025205e-17
2.780773e-17
2.555835e-17
2.348857e-17
2.158425e-17
1.983234e-17
1.822081e-17
1.673854e-17
1.537533e-17
1.412172e-17
1.296903e-17
1.190923e-17
1.093495e-17
1.003937e-17
9.216212e-18
8.459703e-18
7.764516e-18
7.125744e-18
6.538868e-18
5.999728e-18
5.504490e-18
5.049626e-18
4.631886e-18
4.248280e-18
3.896053e-18
3.572673e-18
3.275807e-18
3.003307e-18
2.753201e-18
2.523670e-18
2.313043e-18
2.119784e-18
1.942477e-18
1.779823e-18
1.630626e-18
1.493786e-18
1.368293e-18
1.253217e-18
1.147705e-18
1.050971e-18
9.622934e-19
8.810104e-19
8.065125e-19
7.382403e-19
6.756799e-19
6.183591e-19
5.658445e-19
5.177380e-19
4.736740e-19
4.333169e-19
3.963586e-19
3.625163e-19
3.315304e-19
3.031626e-19
2.771945e-19
2.534254e-19
2.316713e-19
2.117634e-19
1.935468e-19
1.768796e-19
1.616316e-19
1.476832e-19
1.349250e-19
1.232567e-19
1.125862e-19
1.028292e-19
9.390836e-20
8.575286e-20
7.829779e-20
7.148370e-20
6.525609e-20
5.956507e-20
5.436494e-20
4.961382e-20
4.527339e-20
4.130855e-20
3.768716e-20
3.437981e-20
3.135957e-20
2.860179e-20
2.608393e-20
2.378534e-20
2.168714e-20
1.977205e-20
1.802427e-20
1.642935e-20
1.497406e-20
1.364631e-20
1.243505e-20
1.133017e-20
1.032243e-20
9.403382e-21
8.565302e-21
7.801136e-21
7.104436e-21
6.469310e-21
5.890373e-21
5.362710e-21
4.881826e-21
4.443620e-21
4.044344e-21
3.680576e-21
3.349193e-21
3.047341e-21
2.772417e-21
2.522043e-21
2.294051e-21
2.086461e-21
1.897466e-21
1.725418e-21
1.568813e-21
1.426280e-21
1.296566e-21
1.178532e-21
1.071136e-21
9.734288e-22
8.845461e-22
8.036989e-22
7.301680e-22
6.632982e-22
6.024922e-22
5.472056e-22
4.969427e-22
4.512514e-22
4.097203e-22
3.719743e-22
3.376719e-22
3.065021e-22
2.781817e-22
2.524529e-22
2.290808e-22
2.078517e-22
1.885710e-22
1.710618e-22
1.551628e-22
1.407274e-22
1.276222e-22
1.157259e-22
1.049280e-22
9.512813e-23
8.623487e-23
7.816521e-23
7.084360e-23
6.420138e-23
5.817610e-23
5.271103e-23
4.775457e-23
4.325984e-23
3.918424e-23
3.548907e-23
3.213914e-23
2.910252e-23
2.635017e-23
2.385574e-23
2.159528e-23
1.954706e-23
1.769133e-23
1.601018e-23
1.448733e-23
1.310803e-23
1.185885e-23
1.072765e-23
9.703384e-24
8.776035e-24
7.936518e-24
7.176592e-24
6.488781e-24
5.866303e-24
5.303010e-24
4.793327e-24
4.332196e-24
3.915037e-24
3.537692e-24
3.196398e-24
2.887741e-24
2.608629e-24
2.356258e-24
2.128090e-24
1.921824e-24
1.735377e-24
1.566862e-24
1.414569e-24
1.276950e-24
1.152605e-24
1.040264e-24
9.387789e-25
8.471095e-25
7.643150e-25
6.895436e-25
6.220248e-25
5.610612e-25
5.060219e-25
4.563363e-25
4.114880e-25
3.710103e-25
3.344810e-25
3.015181e-25
2.717765e-25
2.449441e-25
2.207388e-25
1.989055e-25
1.792139e-25
1.614556e-25
1.454424e-25
1.310043e-25
1.179876e-25
1.062537e-25
9.567719e-26
8.614483e-26
7.755442e-26
6.981368e-26
6.283925e-26
5.655592e-26
5.089578e-26
4.579752e-26
4.120584e-26
3.707081e-26
3.334740e-26
2.999498e-26
2.697687e-26
2.426003e-26
2.181461e-26
1.961373e-26
1.763314e-26
1.585096e-26
1.424748e-26
1.280493e-26
1.150728e-26
1.034010e-26
9.290385e-27
8.346397e-27
7.497577e-27
6.734408e-27
6.048316e-27
5.431579e-27
4.877242e-27
4.379042e-27
3.931338e-27
3.529054e-27
3.167618e-27
2.842915e-27
2.551241e-27
2.289263e-27
2.053981e-27
1.842696e-27
1.652980e-27
1.482648e-27
1.329735e-27
1.192474e-27
1.069274e-27
9.587067e-28
8.594866e-28
7.704581e-28
6.905823e-28
6.189257e-28
5.546489e-28
4.969976e-28
4.452942e-28
3.989297e-28
3.573570e-28
3.200846e-28
2.866710e-28
2.567198e-28
2.298749e-28
2.058165e-28
1.842577e-28
1.649406e-28
1.476339e-28
1.321299e-28
1.182422e-28
1.058037e-28
9.466414e-29
8.468896e-29
7.575733e-29
6.776089e-29
6.060244e-29
5.419481e-29
4.845983e-29
4.332740e-29
3.873468e-29
3.462532e-29
3.094883e-29
2.765994e-29
2.471809e-29
2.208691e-29
1.973385e-29
1.762970e-29
1.574834e-29
1.406635e-29
1.256274e-29
1.121874e-29
1.001752e-29
8.944021e-30
7.984764e-30
7.127676e-30
6.361952e-30
5.677921e-30
5.066931e-30
4.521235e-30
4.033906e-30
3.598745e-30
3.210206e-30
2.863330e-30
2.553679e-30
2.277288e-30
2.030608e-30
1.810468e-30
1.614032e-30
1.438765e-30
1.282402e-30
1.142919e-30
1.018504e-30
9.075426e-31
8.085888e-31
7.203524e-31
6.416805e-31
5.715434e-31
5.090216e-31
4.532938e-31
4.036267e-31
3.593657e-31
3.199263e-31
2.847867e-31
2.534814e-31
2.255948e-31
2.007561e-31
1.786343e-31
1.589342e-31
1.413926e-31
1.257745e-31
1.118703e-31
9.949332e-32
8.847681e-32
7.867225e-32
6.994719e-32
6.218355e-32
5.527609e-32
4.913101e-32
4.366472e-32
3.880273e-32
3.447866e-32
3.063339e-32
2.721424e-32
2.417431e-32
2.147180e-32
1.906951e-32
1.693429e-32
1.503665e-32
1.335032e-32
1.185193e-32
1.052066e-32
9.337985e-33
8.287435e-33
7.354339e-33
6.525650e-33
5.789758e-33
5.136339e-33
4.556207e-33
4.041195e-33
3.584039e-33
3.178281e-33
2.818178e-33
2.498625e-33
2.215084e-33
1.963523e-33
1.740357e-33
1.542401e-33
1.366825e-33
1.211114e-33
1.073034e-33
9.506023e-34
8.420554e-34
7.458286e-34
6.605321e-34
5.849321e-34
5.179329e-34
4.585621e-34
4.059564e-34
3.593496e-34
3.180618e-34
2.814897e-34
2.490978e-34
2.204114e-34
1.950090e-34
1.725170e-34
1.526039e-34
1.349758e-34
1.193721e-34
1.055617e-34
9.333972e-35
8.252455e-35
7.295522e-35
6.448907e-35
5.699969e-35
5.037504e-35
4.451587e-35
3.933426e-35
3.475230e-35
3.070102e-35
2.711930e-35
2.395305e-35
2.115435e-35
1.868079e-35
1.649481e-35
1.456317e-35
1.285645e-35
1.134862e-35
1.001662e-35
8.840079e-36
7.800952e-36
6.883283e-36
6.072958e-36
5.357491e-36
4.725842e-36
4.168248e-36
3.676076e-36
3.241693e-36
2.858354e-36
2.520093e-36
2.221640e-36
1.958337e-36
1.726068e-36
1.521194e-36
1.340504e-36
1.181159e-36
1.040650e-36
9.167649e-37
8.075468e-37
7.112693e-37
6.264075e-37
5.516154e-37
4.857048e-37
4.276269e-37
3.764560e-37
3.313751e-37
2.916636e-37
2.566854e-37
2.258794e-37
1.987507e-37
1.748627e-37
1.538305e-37
1.353144e-37
1.190152e-37
1.046688e-37
9.204256e-38
8.093133e-38
7.115432e-38
6.255218e-38
5.498449e-38
4.832751e-38
4.247226e-38
3.732268e-38
3.279418e-38
2.881226e-38
2.531130e-38
2.223352e-38
1.952803e-38
1.715005e-38
1.506013e-38
1.322357e-38
1.160982e-38
1.019198e-38
8.946399e-39
7.852257e-39
6.891240e-39
6.047235e-39
5.306068e-39
4.655275e-39
4.083894e-39
3.582286e-39
3.141973e-39
2.755506e-39
2.416333e-39
2.118697e-39
1.857536e-39
1.628405e-39
1.427395e-39
1.251072e-39
1.096421e-39
9.607905e-40
8.418538e-40
7.375666e-40
6.461336e-40
5.659786e-40
4.957176e-40
4.341353e-40
3.801654e-40
3.328714e-40
2.914319e-40
2.551257e-40
2.233201e-40
1.954601e-40
1.710586e-40
1.496885e-40
1.309750e-40
1.145895e-40
1.002439e-40
8.768548e-41
7.669269e-41
6.707131e-41
5.865110e-41
5.128285e-41
4.483577e-41
3.919528e-41
3.426095e-41
2.994482e-41
2.616981e-41
2.286841e-41
1.998149e-41
1.745727e-41
1.525041e-41
1.332119e-41
1.163487e-41
1.016099e-41
8.872941e-42
7.747393e-42
6.763945e-42
5.904745e-42
5.154171e-42
4.498555e-42
3.925942e-42
3.425873e-42
2.989202e-42
2.607929e-42
2.275060e-42
1.984479e-42
1.730839e-42
1.509467e-42
1.316276e-42
1.147696e-42
1.000607e-42
8.722810e-43
7.603369e-43
6.626929e-43
5.775307e-43
5.032624e-43
4.385008e-43
3.820348e-43
3.328066e-43
2.898929e-43
2.524875e-43
2.198865e-43
1.914758e-43
1.667193e-43
1.451491e-43
1.263570e-43
1.099869e-43
9.572808e-44
8.330942e-44
7.249457e-44
6.307734e-44
5.487795e-44
4.773962e-44
4.152566e-44
3.611693e-44
3.140954e-44
2.731297e-44
2.374832e-44
2.064683e-44
1.794859e-44
1.560142e-44
1.355983e-44
1.178422e-44
1.024010e-44
8.897422e-45
7.730021e-45
6.715119e-45
5.832884e-45
5.066051e-45
4.399591e-45
3.820425e-45
3.317169e-45
2.879917e-45
2.500052e-45
2.170075e-45
1.883462e-45
1.634540e-45
1.418375e-45
1.230674e-45
1.067705e-45
9.262247e-46
8.034114e-46
6.968129e-46
6.042977e-46
5.240132e-46
4.543496e-46
3.939078e-46
3.414724e-46
2.959874e-46
2.565355e-46
2.223198e-46
1.926484e-46
1.669204e-46
1.446138e-46
1.252757e-46
1.085127e-46
9.398328e-47
8.139118e-47
7.047915e-47
6.102398e-47
5.283199e-47
4.573514e-47
3.958764e-47
3.426303e-47
2.965162e-47
2.565829e-47
2.220055e-47
1.920685e-47
1.661518e-47
1.437178e-47
1.243005e-47
1.074958e-47
9.295374e-48
8.037089e-48
6.948438e-48
6.006648e-48
5.191989e-48
4.487371e-48
3.877990e-48
3.351027e-48
2.895382e-48
2.501441e-48
2.160883e-48
1.866504e-48
1.612067e-48
1.392174e-48
1.202156e-48
1.037970e-48
8.961181e-49
7.735747e-49
6.677222e-49
5.762964e-49
4.973391e-49
4.291567e-49
3.702847e-49
3.194568e-49
2.755784e-49
2.377030e-49
2.050128e-49
1.768005e-49
1.524554e-49
1.314494e-49
1.133264e-49
9.769224e-50
8.420651e-50
7.257512e-50
6.254412e-50
5.389416e-50
4.643587e-50
4.000571e-50
3.446251e-50
2.968442e-50
2.556623e-50
2.201716e-50
1.895888e-50
1.632377e-50
1.405351e-50
1.209778e-50
1.041318e-50
8.962258e-51
7.712730e-51
6.636749e-51
5.710304e-51
4.912693e-51
4.226069e-51
3.635047e-51
3.126369e-51
2.688604e-51
2.311906e-51
1.987787e-51
1.708938e-51
1.469059e-51
1.262725e-51
1.085263e-51
9.326476e-52
8.014138e-52
6.885772e-52
5.915685e-52
5.081758e-52
4.364952e-52
3.748881e-52
3.219439e-52
2.764493e-52
2.373599e-52
2.037772e-52
1.749285e-52
1.501489e-52
1.288666e-52
1.105898e-52
9.489561e-53
8.142053e-53
6.985191e-53
5.992103e-53
5.139688e-53
4.408094e-53
3.780258e-53
3.241520e-53
2.779281e-53
2.382719e-53
2.042536e-53
1.750747e-53
1.500491e-53
1.285879e-53
1.101852e-53
9.440675e-54
8.087967e-54
6.928390e-54
5.934468e-54
5.082623e-54
4.352618e-54
3.727089e-54
3.191138e-54
2.731982e-54
2.338658e-54
2.001761e-54
1.713225e-54
1.466132e-54
1.254551e-54
1.073396e-54
9.183079e-55
7.855489e-55
6.719156e-55
5.746624e-55
4.914365e-55
4.202218e-55
3.592910e-55
3.071643e-55
2.625739e-55
2.244342e-55
1.918153e-55
1.639207e-55
1.400687e-55
1.196754e-55
1.022410e-55
8.733775e-56
7.459942e-56
6.371262e-56
5.440917e-56
4.645958e-56
3.966752e-56
3.386502e-56
2.890842e-56
2.467481e-56
2.105910e-56
1.797142e-56
1.533492e-56
1.308390e-56
1.116220e-56
9.521789e-57
8.121645e-57
6.926695e-57
5.906968e-57
5.036859e-57
4.294490e-57
3.661170e-57
3.120935e-57
2.660151e-57
2.267171e-57
1.932052e-57
1.646304e-57
1.402677e-57
1.194984e-57
1.017942e-57
8.670425e-58
7.384386e-58
6.288470e-58
5.354663e-58
4.559066e-58
3.881291e-58
3.303947e-58
2.812202e-58
2.393407e-58
2.036775e-58
1.733111e-58
1.474572e-58
1.254476e-58
1.067125e-58
9.076629e-59
7.719526e-59
6.564674e-59
5.582032e-59
4.746004e-59
4.034785e-59
3.429803e-59
2.915242e-59
2.477631e-59
2.105500e-59
1.789083e-59
1.520065e-59
1.291369e-59
1.096971e-59
9.317441e-60
7.913246e-60
6.719999e-60
5.706113e-60
4.844713e-60
4.112940e-60
3.491348e-60
2.963402e-60
2.515038e-60
2.134298e-60
1.811016e-60
1.536547e-60
1.303546e-60
1.105766e-60
9.379000e-61
7.954383e-61
6.745483e-61
5.719739e-61
4.849488e-61
4.111234e-61
3.485018e-61
2.953890e-61
2.503458e-61
2.121499e-61
1.797637e-61
1.523062e-61
1.290298e-61
1.092997e-61
9.257724e-62
7.840544e-62
6.639643e-62
5.622117e-62
4.760050e-62
4.029766e-62
3.411180e-62
2.887261e-62
2.443565e-62
2.067847e-62
1.749724e-62
1.480394e-62
1.252396e-62
1.059406e-62
8.960655e-63
7.578333e-63
6.408616e-63
5.418902e-63
4.581577e-63
3.873247e-63
3.274101e-63
2.767359e-63
2.338812e-63
1.976432e-63
1.670033e-63
1.410992e-63
1.192013e-63
1.006917e-63
8.504780e-64
7.182722e-64
6.065569e-64
5.121659e-64
4.324205e-64
3.650552e-64
3.081537e-64
2.600954e-64
2.195102e-64
1.852393e-64
1.563033e-64
1.318742e-64
1.112521e-64
9.384538e-65
7.915426e-65
6.675629e-65
5.629460e-65
4.746766e-65
4.002077e-65
3.373880e-65
2.844006e-65
2.397109e-65
2.020234e-65
1.702442e-65
1.434496e-65
1.208601e-65
1.018177e-65
8.576694e-66
7.223926e-66
6.083916e-66
5.123299e-66
4.313927e-66
3.632055e-66
3.057656e-66
2.573839e-66
2.166361e-66
1.823210e-66
1.534261e-66
1.290976e-66
1.086160e-66
9.137471e-67
7.686255e-67
6.464875e-67
5.437034e-67
4.572151e-67
3.844462e-67
3.232267e-67
2.717286e-67
2.284126e-67
1.919824e-67
1.613464e-67
1.355857e-67
1.139265e-67
9.571776e-68
8.041123e-68
6.754566e-68
5.673288e-68
4.764625e-68
4.001098e-68
3.359589e-68
2.820654e-68
2.367936e-68
