0.000000e+00	0.000000e+00	4.999836e-04	5.000000e-01	1.070255e-13
1.000000e-01	-7.771561e-16	4.999836e-04	5.000000e-01	1.053602e-13
2.000000e-01	2.220446e-16	4.999836e-04	5.000000e-01	1.064704e-13
3.000000e-01	-1.554312e-15	4.999836e-04	5.000000e-01	1.064704e-13
4.000000e-01	1.110223e-15	4.999836e-04	5.000000e-01	1.083578e-13
5.000000e-01	3.330669e-15	4.999836e-04	5.000000e-01	1.064704e-13
6.000000e-01	2.886580e-15	4.999836e-04	5.000000e-01	1.104672e-13
7.000000e-01	3.330669e-15	4.999836e-04	5.000000e-01	1.100231e-13
8.000000e-01	4.884981e-15	4.999836e-04	5.000000e-01	1.155742e-13
9.000000e-01	5.551115e-15	4.999836e-04	5.000000e-01	1.147971e-13
1.000000e+00	7.327472e-15	4.999836e-04	5.000000e-01	1.135758e-13
1.100000e+00	8.215650e-15	4.999836e-04	5.000000e-01	1.116884e-13
1.200000e+00	3.330669e-15	4.999836e-04	5.000000e-01	1.162404e-13
1.300000e+00	-3.108624e-15	4.999836e-04	5.000000e-01	1.144640e-13
1.400000e+00	-8.881784e-15	4.999836e-04	5.000000e-01	1.132427e-13
1.500000e+00	-1.443290e-14	4.999836e-04	5.000000e-01	1.192380e-13
1.600000e+00	-1.842970e-14	4.999836e-04	5.000000e-01	1.179057e-13
1.700000e+00	-2.431388e-14	4.999836e-04	5.000000e-01	1.177947e-13
1.800000e+00	-2.942091e-14	4.999836e-04	5.000000e-01	1.167955e-13
1.900000e+00	-3.652634e-14	4.999836e-04	5.000000e-01	1.194600e-13
2.000000e+00	-4.340972e-14	4.999836e-04	5.000000e-01	1.167955e-13
2.100000e+00	-4.085621e-14	4.999836e-04	5.000000e-01	1.206812e-13
2.200000e+00	-4.163336e-14	4.999836e-04	5.000000e-01	1.164624e-13
2.300000e+00	-4.241052e-14	4.999836e-04	5.000000e-01	1.179057e-13
2.400000e+00	-4.241052e-14	4.999836e-04	5.000000e-01	1.109113e-13
2.500000e+00	-4.163336e-14	4.999836e-04	5.000000e-01	1.147971e-13
2.600000e+00	-4.318768e-14	4.999836e-04	5.000000e-01	1.125766e-13
2.700000e+00	-4.030110e-14	4.999836e-04	5.000000e-01	1.123546e-13
2.800000e+00	-3.730349e-14	4.999836e-04	5.000000e-01	1.117995e-13
2.900000e+00	-3.907985e-14	4.999836e-04	5.000000e-01	1.095790e-13
3.000000e+00	-3.796963e-14	4.999836e-04	5.000000e-01	1.078027e-13
3.100000e+00	-3.907985e-14	4.999836e-04	5.000000e-01	1.068035e-13
3.200000e+00	-3.907985e-14	4.999836e-04	5.000000e-01	1.042499e-13
3.300000e+00	-4.141132e-14	4.999836e-04	5.000000e-01	1.042499e-13
3.400000e+00	-4.007905e-14	4.999836e-04	5.000000e-01	1.025846e-13
3.500000e+00	-4.185541e-14	4.999836e-04	5.000000e-01	1.022515e-13
3.600000e+00	-3.796963e-14	4.999836e-04	5.000000e-01	1.006972e-13
3.700000e+00	-3.708145e-14	4.999836e-04	5.000000e-01	1.012523e-13
3.800000e+00	-3.663736e-14	4.999836e-04	5.000000e-01	9.925394e-14
3.900000e+00	-3.608225e-14	4.999836e-04	5.000000e-01	1.028067e-13
4.000000e+00	-3.630429e-14	4.999836e-04	5.000000e-01	1.042499e-13
4.100000e+00	-3.719247e-14	4.999836e-04	5.000000e-01	1.041389e-13
4.200000e+00	-3.474998e-14	4.999836e-04	5.000000e-01	1.048051e-13
4.300000e+00	-3.397282e-14	4.999836e-04	5.000000e-01	1.048051e-13
4.400000e+00	-3.530509e-14	4.999836e-04	5.000000e-01	1.046940e-13
4.500000e+00	-4.374279e-14	4.999836e-04	5.000000e-01	1.049161e-13
4.600000e+00	-4.951595e-14	4.999836e-04	5.000000e-01	1.041389e-13
4.700000e+00	-5.495604e-14	4.999836e-04	5.000000e-01	1.030287e-13
4.800000e+00	-6.161738e-14	4.999836e-04	5.000000e-01	1.036948e-13
4.900000e+00	-6.539214e-14	4.999836e-04	5.000000e-01	1.045830e-13
5.000000e+00	-7.216450e-14	4.999836e-04	5.000000e-01	1.082467e-13
5.100000e+00	-7.460699e-14	4.999836e-04	5.000000e-01	1.072475e-13
5.200000e+00	-7.183143e-14	4.999836e-04	5.000000e-01	1.108003e-13
5.300000e+00	-7.061018e-14	4.999836e-04	5.000000e-01	1.088019e-13
5.400000e+00	-7.371881e-14	4.999836e-04	5.000000e-01	1.126876e-13
5.500000e+00	-7.460699e-14	4.999836e-04	5.000000e-01	1.134648e-13
5.600000e+00	-7.749357e-14	4.999836e-04	5.000000e-01	1.129097e-13
5.700000e+00	-7.738254e-14	4.999836e-04	5.000000e-01	1.156852e-13
5.800000e+00	-7.749357e-14	4.999836e-04	5.000000e-01	1.154632e-13
5.900000e+00	-7.305268e-14	4.999836e-04	5.000000e-01	1.151301e-13
6.000000e+00	-7.371881e-14	4.999836e-04	5.000000e-01	1.106892e-13
6.100000e+00	-7.416290e-14	4.999836e-04	5.000000e-01	1.129097e-13
6.200000e+00	-7.416290e-14	4.999836e-04	5.000000e-01	1.110223e-13
6.300000e+00	-7.227552e-14	4.999836e-04	5.000000e-01	1.131317e-13
6.400000e+00	-7.105427e-14	4.999836e-04	5.000000e-01	1.095790e-13
6.500000e+00	-7.116530e-14	4.999836e-04	5.000000e-01	1.104672e-13
6.600000e+00	-6.994405e-14	4.999836e-04	5.000000e-01	1.081357e-13
6.700000e+00	-6.949996e-14	4.999836e-04	5.000000e-01	1.072475e-13
6.800000e+00	-6.694645e-14	4.999836e-04	5.000000e-01	1.090239e-13
6.900000e+00	-6.694645e-14	4.999836e-04	5.000000e-01	1.052491e-13
7.000000e+00	-6.850076e-14	4.999836e-04	5.000000e-01	1.025846e-13
7.100000e+00	-6.628031e-14	4.999836e-04	5.000000e-01	1.058043e-13
7.200000e+00	-6.572520e-14	4.999836e-04	5.000000e-01	1.050271e-13
7.300000e+00	-6.583623e-14	4.999836e-04	5.000000e-01	1.012523e-13
7.400000e+00	-6.750156e-14	4.999836e-04	5.000000e-01	9.992007e-14
7.500000e+00	-6.450396e-14	4.999836e-04	5.000000e-01	9.880985e-14
7.600000e+00	-6.084022e-14	4.999836e-04	5.000000e-01	9.914292e-14
7.700000e+00	-6.128431e-14	4.999836e-04	5.000000e-01	1.001421e-13
7.800000e+00	-6.594725e-14	4.999836e-04	5.000000e-01	9.725554e-14
7.900000e+00	-7.160939e-14	4.999836e-04	5.000000e-01	9.459100e-14
8.000000e+00	-7.649437e-14	4.999836e-04	5.000000e-01	9.658940e-14
8.100000e+00	-7.693846e-14	4.999836e-04	5.000000e-01	9.481305e-14
8.200000e+00	-7.294165e-14	4.999836e-04	5.000000e-01	9.547918e-14
8.300000e+00	-7.005507e-14	4.999836e-04	5.000000e-01	9.614531e-14
8.400000e+00	-7.271961e-14	4.999836e-04	5.000000e-01	9.769963e-14
8.500000e+00	-7.083223e-14	4.999836e-04	5.000000e-01	8.970602e-14
8.600000e+00	-6.949996e-14	4.999836e-04	5.000000e-01	8.992806e-14
8.700000e+00	-6.927792e-14	4.999836e-04	5.000000e-01	9.414691e-14
8.800000e+00	-6.838974e-14	4.999836e-04	5.000000e-01	9.314771e-14
8.900000e+00	-6.916689e-14	4.999836e-04	5.000000e-01	9.403589e-14
9.000000e+00	-6.616929e-14	4.999836e-04	5.000000e-01	9.459100e-14
9.100000e+00	-6.650236e-14	4.999836e-04	5.000000e-01	9.781065e-14
9.200000e+00	-6.605827e-14	4.999836e-04	5.000000e-01	1.016964e-13
9.300000e+00	-6.594725e-14	4.999836e-04	5.000000e-01	1.011413e-13
9.400000e+00	-6.539214e-14	4.999836e-04	5.000000e-01	1.033618e-13
9.500000e+00	-6.439294e-14	4.999836e-04	5.000000e-01	1.054712e-13
9.600000e+00	-6.494805e-14	4.999836e-04	5.000000e-01	1.072475e-13
9.700000e+00	-6.439294e-14	4.999836e-04	5.000000e-01	1.124656e-13
9.800000e+00	-6.361578e-14	4.999836e-04	5.000000e-01	1.134648e-13
9.900000e+00	-6.028511e-14	4.999836e-04	5.000000e-01	1.156852e-13
